#{"t_start": 1673709126.1678052, "env_id": "sokoban-turtle-v0"}
r,l,t
-10.0,58,2.662536
-20.0,48,3.027478
15.0,34,3.305021
-15.0,46,3.681925
-18.0,46,4.025403
-4.0,46,4.358303
-20.0,35,4.595724
-13.0,47,4.901581
-14.0,45,5.182517
-13.0,58,5.572707
-4.0,61,5.980872
17.0,45,6.290101
-5.0,35,6.555444
-6.0,51,6.910799
-7.0,39,7.204337
-21.0,45,7.508395
-21.0,53,7.907365
6.0,41,8.209468
-4.0,46,8.572047
-4.0,39,8.879832
-4.0,41,9.17623
-21.0,41,9.464096
-11.0,40,14.499423
-10.0,34,14.719457
-18.0,38,14.962069
15.0,38,15.219219
0.0,47,15.520721
-12.0,40,15.789737
-5.0,39,16.052721
-5.0,43,16.34615
-5.0,50,16.697716
-5.0,40,16.960297
0.0,52,17.293099
2.0,39,17.54946
-9.0,42,17.854177
10.0,40,18.119573
-16.0,57,18.511002
-6.0,38,18.748746
-9.0,44,19.033463
9.0,42,19.323958
-18.0,39,19.625735
-6.0,36,19.882047
-10.0,46,20.22223
2.0,39,20.499361
22.0,39,20.771237
-14.0,44,21.269697
-1.0,54,283.352341
-2.0,39,283.635008
7.0,33,283.859082
23.0,45,284.163404
1.0,43,284.467833
17.0,63,284.917941
-5.0,42,285.214025
-12.0,43,285.529896
-21.0,61,285.962264
16.0,64,286.389631
-8.0,30,286.584459
3.0,37,286.814078
11.0,50,287.137085
3.0,57,287.509551
7.0,43,287.795118
-1.0,42,288.066513
7.0,48,288.370258
0.0,42,288.648338
2.0,41,288.919301
5.0,42,289.191945
-12.0,54,289.539421
-2.0,52,295.696251
6.0,35,295.937182
-2.0,40,296.199678
2.0,44,296.499727
11.0,37,296.743219
4.0,37,296.991259
-3.0,51,297.341701
4.0,41,297.635058
-17.0,32,297.864859
7.0,52,298.238864
11.0,31,298.450367
1.0,53,298.832422
17.0,43,299.134196
8.0,69,299.630097
1.0,51,299.997517
0.0,36,300.268145
-4.0,33,300.519433
2.0,39,300.801889
17.0,43,301.105587
5.0,60,301.582502
-30.0,37,301.850444
-7.0,39,302.136776
-1.0,58,302.553445
1.0,41,302.934237
-24.0,54,303.287756
10.0,60,563.184601
11.0,47,563.481949
-5.0,30,563.668028
1.0,45,563.949198
-4.0,33,564.166118
7.0,43,564.440865
-4.0,50,564.75923
7.0,50,565.083733
5.0,37,565.308558
-12.0,31,565.510919
-1.0,39,565.759996
2.0,40,566.009936
10.0,55,566.372885
11.0,52,566.721691
-11.0,55,567.070566
10.0,40,567.326896
6.0,42,567.60056
6.0,50,567.925135
2.0,48,568.239712
7.0,46,568.539461
12.0,56,573.439106
25.0,52,573.782093
6.0,38,574.027114
16.0,60,574.429635
-3.0,38,574.671042
7.0,55,575.039611
2.0,40,575.300941
2.0,43,575.589493
1.0,47,575.954612
6.0,45,576.246143
-4.0,40,576.508383
17.0,43,576.795743
12.0,38,577.059521
11.0,33,577.275213
9.0,44,577.570702
13.0,45,577.887623
11.0,50,578.220667
8.0,46,578.524285
-7.0,35,578.776671
22.0,55,579.160307
-4.0,48,579.473794
18.0,47,579.780463
3.0,50,580.225745
17.0,41,580.513295
-6.0,54,580.945661
14.0,42,865.514244
-3.0,42,865.848121
-1.0,44,866.206573
19.0,52,866.631699
0.0,39,866.941843
1.0,52,867.363293
0.0,37,867.657964
6.0,49,868.048117
17.0,40,868.375006
23.0,33,868.632707
16.0,49,869.02366
22.0,47,869.395863
19.0,50,869.786815
-4.0,44,870.143741
23.0,44,870.498923
20.0,43,870.853882
5.0,37,871.15359
22.0,59,871.619977
12.0,53,872.037002
21.0,40,878.550301
1.0,39,878.832962
3.0,32,879.055486
15.0,57,879.464133
-1.0,58,879.870951
17.0,39,880.137576
6.0,48,880.468309
23.0,49,880.821656
25.0,50,881.189115
5.0,43,881.497843
-8.0,42,881.798808
-2.0,51,882.162556
0.0,31,882.40526
-1.0,44,882.75908
-4.0,46,883.125196
14.0,50,883.463444
4.0,38,883.716867
-2.0,37,883.97281
-8.0,53,884.345845
-5.0,43,884.656889
-2.0,45,884.968379
4.0,44,885.280675
6.0,59,885.820755
11.0,34,886.073125
12.0,47,886.445281
21.0,49,886.803725
6.0,58,1155.421788
10.0,56,1155.794284
21.0,58,1156.160953
22.0,44,1156.443258
6.0,31,1156.639753
2.0,55,1156.99761
10.0,46,1157.281382
1.0,51,1157.625533
15.0,37,1157.861485
23.0,53,1158.195826
5.0,49,1158.506054
19.0,61,1158.918957
5.0,52,1159.265676
5.0,49,1159.594476
2.0,57,1159.960841
2.0,54,1160.321874
11.0,41,1160.593163
5.0,41,1165.600848
5.0,52,1165.918772
15.0,48,1166.248844
10.0,52,1166.585165
7.0,35,1166.815222
1.0,46,1167.12221
7.0,41,1167.397985
2.0,57,1167.784134
-9.0,46,1168.095306
2.0,64,1168.512785
21.0,50,1168.849133
11.0,37,1169.089685
5.0,60,1169.478026
15.0,70,1169.94713
16.0,42,1170.231921
10.0,38,1170.489023
4.0,53,1170.842901
20.0,49,1171.169039
16.0,48,1171.509496
18.0,53,1171.880536
11.0,48,1172.34153
11.0,41,1172.599945
1.0,53,1172.943835
11.0,42,1173.265847
20.0,42,1173.591942
15.0,58,1434.329783
1.0,47,1434.646138
12.0,42,1434.929732
15.0,34,1435.155597
6.0,45,1435.44759
14.0,42,1435.718924
17.0,59,1436.106563
12.0,52,1436.453203
-4.0,50,1436.794256
4.0,63,1437.229197
-5.0,41,1437.509716
6.0,40,1437.773717
5.0,41,1438.038064
32.0,46,1438.352374
1.0,47,1438.663415
1.0,54,1439.020066
10.0,66,1445.849351
26.0,55,1446.216782
4.0,45,1446.510199
27.0,40,1446.768946
32.0,47,1447.076984
13.0,48,1447.392631
11.0,61,1447.79461
28.0,63,1448.202482
21.0,52,1448.562149
12.0,52,1448.942796
9.0,44,1449.249014
22.0,49,1449.642111
11.0,43,1449.947628
-3.0,53,1450.311933
26.0,53,1450.677173
21.0,48,1451.017637
3.0,44,1451.320072
36.0,55,1451.697018
9.0,50,1452.036756
4.0,51,1452.388329
39.0,88,1453.153235
21.0,43,1453.43702
22.0,43,1453.719216
16.0,42,1454.001755
21.0,64,1454.431192
6.0,44,1736.478071
8.0,45,1736.7889
27.0,62,1737.225228
11.0,40,1737.503125
8.0,57,1737.900023
47.0,46,1738.229323
12.0,47,1738.555326
22.0,53,1738.921938
16.0,34,1739.159056
16.0,46,1739.493591
11.0,48,1739.83374
22.0,52,1740.20514
35.0,41,1740.495178
15.0,43,1740.819969
8.0,56,1741.228585
32.0,45,1747.808211
0.0,46,1748.123217
6.0,38,1748.397229
18.0,43,1748.706367
9.0,33,1748.941382
44.0,57,1749.342096
45.0,57,1749.749233
7.0,58,1750.157077
31.0,50,1750.498699
19.0,58,1750.903124
6.0,39,1751.16502
16.0,38,1751.422745
20.0,55,1751.789941
19.0,46,1752.110939
24.0,42,1752.396294
11.0,56,1752.781538
16.0,44,1753.077938
5.0,41,1753.35708
8.0,47,1753.672498
11.0,73,1754.170969
26.0,48,1754.504786
-4.0,48,1760.511576
28.0,60,1760.924381
11.0,51,1761.26427
10.0,37,1761.523194
11.0,57,1761.930756
9.0,32,1762.135069
15.0,56,1762.547391
14.0,43,2034.15704
16.0,51,2034.498116
20.0,68,2034.952947
8.0,53,2035.306026
35.0,46,2035.601268
19.0,38,2035.841584
22.0,49,2036.167931
24.0,39,2036.422887
14.0,49,2036.746712
8.0,49,2037.074603
30.0,43,2037.361768
0.0,51,2037.693901
8.0,47,2038.005202
19.0,55,2044.460095
11.0,45,2044.761215
15.0,55,2045.12967
12.0,41,2045.396908
21.0,60,2045.793708
19.0,46,2046.096213
16.0,40,2046.364519
-3.0,50,2046.69012
1.0,45,2046.997808
14.0,73,2047.496281
27.0,43,2047.788387
35.0,51,2048.128412
7.0,46,2048.438187
25.0,48,2048.749817
12.0,38,2049.001425
28.0,43,2049.289881
17.0,38,2049.537413
19.0,66,2049.966524
21.0,37,2050.219956
21.0,45,2050.521154
31.0,60,2050.913114
15.0,51,2051.36933
26.0,50,2051.707504
22.0,50,2052.040869
13.0,55,2052.392777
18.0,49,2052.702682
19.0,46,2052.990675
16.0,41,2053.256872
30.0,58,2316.840856
38.0,54,2317.20366
11.0,48,2317.517961
35.0,65,2317.935809
30.0,53,2318.289763
15.0,51,2318.620984
25.0,71,2319.077018
18.0,58,2319.462167
33.0,48,2319.771627
25.0,57,2320.141161
14.0,42,2320.416023
33.0,41,2320.679474
16.0,43,2327.097044
0.0,42,2327.376467
15.0,47,2327.67462
29.0,45,2327.96037
59.0,57,2328.324922
19.0,54,2328.675063
46.0,63,2329.068529
22.0,55,2329.413341
26.0,49,2329.728264
52.0,66,2330.147548
7.0,73,2330.63494
15.0,37,2330.884392
0.0,32,2331.093109
10.0,41,2331.367932
10.0,43,2331.648245
15.0,57,2332.013613
25.0,44,2332.307359
23.0,53,2332.65588
17.0,42,2332.930412
20.0,57,2333.31764
11.0,38,2333.694708
10.0,33,2333.914242
25.0,50,2334.246402
20.0,54,2334.607631
5.0,40,2334.873167
8.0,63,2335.301367
8.0,52,2335.638359
40.0,51,2335.981627
20.0,29,2336.18659
31.0,48,2606.697153
35.0,48,2607.055417
25.0,43,2607.34372
10.0,45,2607.644641
37.0,63,2608.051625
26.0,51,2608.383977
29.0,44,2608.67237
20.0,47,2608.989943
25.0,49,2609.320423
51.0,54,2609.687609
31.0,63,2610.114522
33.0,47,2610.426647
41.0,38,2617.766518
24.0,55,2618.15685
44.0,47,2618.487295
14.0,58,2618.889261
47.0,55,2619.269722
25.0,37,2619.522179
45.0,59,2619.935242
29.0,47,2620.256686
28.0,47,2620.578921
28.0,46,2620.907022
30.0,68,2621.378387
40.0,60,2621.789599
15.0,56,2622.185213
38.0,37,2622.447335
34.0,46,2622.770568
28.0,69,2623.254881
26.0,57,2623.646999
10.0,57,2624.068498
36.0,49,2624.49768
5.0,50,2631.746412
20.0,38,2632.009088
20.0,48,2632.337814
19.0,75,2632.852547
20.0,50,2633.199404
36.0,68,2633.663327
23.0,47,2633.991995
41.0,46,2634.310323
29.0,55,2634.687345
42.0,47,2913.1314
19.0,63,2913.632715
31.0,58,2914.031723
43.0,65,2914.481999
4.0,49,2914.822622
10.0,48,2915.152414
39.0,54,2915.527557
34.0,62,2915.96352
40.0,44,2916.267314
15.0,54,2916.634948
19.0,56,2923.801433
24.0,58,2924.195594
26.0,62,2924.602403
22.0,64,2925.008774
55.0,62,2925.414102
23.0,57,2925.785534
29.0,38,2926.03439
29.0,56,2926.39492
33.0,63,2926.835912
39.0,55,2927.199997
24.0,54,2927.569413
33.0,49,2927.907931
44.0,65,2928.358137
15.0,49,2928.69517
35.0,68,2929.159132
40.0,75,2929.650318
45.0,54,2930.009265
16.0,42,2930.472875
16.0,47,2930.782669
20.0,46,2931.071402
40.0,51,2931.397475
30.0,56,2931.762095
26.0,47,2932.069324
30.0,37,2932.332758
36.0,49,2932.678144
53.0,69,2933.182814
23.0,56,2933.583725
36.0,79,3191.407394
32.0,50,3191.757837
37.0,54,3192.131029
39.0,40,3192.407604
35.0,68,3192.894048
48.0,61,3193.316436
9.0,48,3193.635424
19.0,56,3194.039217
19.0,55,3194.418909
55.0,63,3200.563721
50.0,60,3200.995682
30.0,85,3201.533118
41.0,62,3201.938328
35.0,61,3202.336038
20.0,61,3202.725689
30.0,57,3203.080714
28.0,65,3203.513995
26.0,69,3203.974935
31.0,70,3204.438905
40.0,68,3204.950455
22.0,62,3205.343594
20.0,61,3205.761053
26.0,63,3206.157124
18.0,75,3206.648732
34.0,52,3207.123054
49.0,52,3207.461774
28.0,51,3207.801279
20.0,51,3208.121491
38.0,49,3208.482519
20.0,57,3208.872128
17.0,58,3209.256537
21.0,57,3209.647543
45.0,50,3209.988177
42.0,61,3210.399007
20.0,54,3210.783728
40.0,58,3497.335616
39.0,55,3497.729538
46.0,61,3498.152447
34.0,61,3498.577562
48.0,81,3499.128955
34.0,69,3499.596328
17.0,57,3507.557117
39.0,48,3507.90354
39.0,76,3508.437202
6.0,82,3509.01469
33.0,83,3509.59917
35.0,54,3509.973018
18.0,55,3510.35201
29.0,58,3510.766903
18.0,53,3511.135742
37.0,52,3511.488225
43.0,61,3511.91772
42.0,52,3512.282883
43.0,61,3512.722746
42.0,51,3513.082278
21.0,49,3513.420873
18.0,57,3513.824544
21.0,52,3514.446031
40.0,64,3522.41612
31.0,66,3522.889926
31.0,45,3523.2072
54.0,62,3523.645781
30.0,52,3524.032641
26.0,66,3524.488663
37.0,59,3524.903493
29.0,62,3525.332021
20.0,67,3525.822195
15.0,60,3526.270128
25.0,75,3792.466885
19.0,52,3792.853876
42.0,84,3793.397655
26.0,52,3793.735785
33.0,70,3794.191045
44.0,52,3794.526006
59.0,79,3800.739129
34.0,55,3801.138752
36.0,64,3801.612072
30.0,45,3801.937174
15.0,44,3802.249342
49.0,54,3802.646556
62.0,56,3803.050291
42.0,66,3803.511143
63.0,68,3803.972277
32.0,54,3804.442277
37.0,53,3838.782739
35.0,62,3839.206666
54.0,53,3839.567611
42.0,72,3840.063033
39.0,58,3840.460002
24.0,62,3840.879466
40.0,49,3841.204919
53.0,53,3841.565411
30.0,63,3842.141023
27.0,61,3842.577125
33.0,90,3843.18201
31.0,62,3843.595362
46.0,55,3843.950728
44.0,54,3844.307593
24.0,60,3844.703537
36.0,54,3845.065291
43.0,61,3845.467755
50.0,59,3845.859772
29.0,50,3846.206524
18.0,93,4130.395642
36.0,52,4130.748508
43.0,69,4131.213203
36.0,64,4131.657475
38.0,61,4132.0787
37.0,56,4140.406885
17.0,67,4140.875553
21.0,48,4141.211839
45.0,59,4141.64576
55.0,51,4142.017423
48.0,67,4142.489199
30.0,67,4142.954519
41.0,59,4143.347749
25.0,59,4143.745785
36.0,85,4144.328398
38.0,68,4148.22956
41.0,71,4148.724491
53.0,61,4149.175085
28.0,49,4149.600107
52.0,48,4149.937246
30.0,50,4150.292623
30.0,51,4158.536883
26.0,39,4158.811983
30.0,57,4159.214345
36.0,75,4159.751179
24.0,73,4160.261729
60.0,59,4160.666784
18.0,102,4161.378798
28.0,58,4161.785086
59.0,53,4162.162706
38.0,49,4162.511319
40.0,63,4162.966197
19.0,54,4163.353703
39.0,56,4427.399393
48.0,65,4427.842824
34.0,68,4428.273772
64.0,72,4428.750732
57.0,52,4436.780162
37.0,67,4437.229401
31.0,49,4437.547742
49.0,57,4437.926479
32.0,72,4438.397569
19.0,81,4438.931054
26.0,77,4439.451284
52.0,58,4439.834223
41.0,59,4440.223705
24.0,57,4440.60624
22.0,66,4441.047979
28.0,85,4441.610242
35.0,54,4441.958816
19.0,73,4442.422082
41.0,68,4442.86972
57.0,70,4444.211596
77.0,73,4444.827286
54.0,55,4445.185114
46.0,76,4445.705571
59.0,73,4446.188952
45.0,69,4446.649523
39.0,77,4447.151809
32.0,56,4447.51687
60.0,44,4447.840151
61.0,68,4448.30335
31.0,98,4448.959889
49.0,90,4710.802774
26.0,49,4711.160215
31.0,56,4711.55306
50.0,76,4712.09225
41.0,59,4719.027203
48.0,70,4719.478615
46.0,61,4719.858259
52.0,61,4720.236009
45.0,62,4720.692826
43.0,78,4721.246854
35.0,51,4721.61956
35.0,66,4722.093851
49.0,61,4722.535282
41.0,64,4723.000401
55.0,75,4723.608897
27.0,111,4724.477351
43.0,71,4724.989108
41.0,56,4725.412546
46.0,67,4725.932256
37.0,69,4726.562429
45.0,60,4727.005866
30.0,68,4727.503332
36.0,60,4727.931243
44.0,64,4728.472454
46.0,65,4728.952093
52.0,62,4729.405518
44.0,69,4729.903713
50.0,71,4730.418831
38.0,74,4730.958884
41.0,58,4731.387682
54.0,58,4731.809956
34.0,60,4732.250359
45.0,73,5018.725407
47.0,61,5019.161716
25.0,104,5028.503468
43.0,62,5028.918877
46.0,73,5029.418105
67.0,70,5029.938684
69.0,55,5030.348979
50.0,77,5030.877343
56.0,71,5031.368962
70.0,62,5031.800451
52.0,57,5032.194412
91.0,73,5032.699592
29.0,66,5033.159588
52.0,70,5033.634714
29.0,73,5034.135358
57.0,47,5034.473588
47.0,58,5034.878452
39.0,66,5043.524013
42.0,63,5043.96496
24.0,58,5044.376625
40.0,64,5044.837427
44.0,75,5045.360108
34.0,60,5045.775906
30.0,68,5046.243977
24.0,82,5046.881964
38.0,48,5047.216133
68.0,77,5047.758782
72.0,70,5048.260803
60.0,65,5048.715213
42.0,68,5049.198517
65.0,74,5311.122473
45.0,71,5311.600754
58.0,73,5320.633133
63.0,65,5321.066164
42.0,57,5321.461549
29.0,61,5321.867997
49.0,77,5322.384616
41.0,69,5322.833833
38.0,55,5323.192555
58.0,47,5323.502995
41.0,65,5323.911885
33.0,63,5324.400485
50.0,59,5324.843919
45.0,97,5334.154886
41.0,52,5334.518045
50.0,69,5335.037159
69.0,81,5335.65303
35.0,106,5336.579984
34.0,88,5337.236896
41.0,45,5337.54363
88.0,73,5338.142291
55.0,79,5338.725013
55.0,63,5339.176048
39.0,72,5339.690652
41.0,83,5340.275595
62.0,85,5340.878427
60.0,88,5341.537447
38.0,81,5342.227938
40.0,64,5342.654795
50.0,49,5599.011297
51.0,83,5599.752256
63.0,76,5600.336395
66.0,70,5600.804116
38.0,70,5601.307063
37.0,54,5601.699815
49.0,48,5602.02955
46.0,94,5602.669155
40.0,65,5603.175961
44.0,75,5603.683106
57.0,65,5604.201403
49.0,65,5604.635482
38.0,79,5605.223665
48.0,52,5605.558654
37.0,65,5606.05964
34.0,68,5606.623065
80.0,63,5607.27518
53.0,52,5607.676169
52.0,91,5608.341571
54.0,57,5608.750925
54.0,54,5609.175421
69.0,80,5609.789862
51.0,79,5610.39007
44.0,76,5610.949972
50.0,76,5611.537323
63.0,51,5611.888037
49.0,60,5612.302734
18.0,61,5612.734817
50.0,76,5613.268279
53.0,68,5613.749423
51.0,76,5878.275683
48.0,63,5878.897513
33.0,74,5879.422001
53.0,77,5880.124025
26.0,103,5880.815498
67.0,74,5881.29292
59.0,74,5881.814364
62.0,62,5882.218055
47.0,93,5882.811673
57.0,57,5883.189406
41.0,72,5883.626048
62.0,109,5884.291141
24.0,96,5884.883462
52.0,57,5885.227024
53.0,69,5893.710757
48.0,69,5894.20046
50.0,69,5894.67303
54.0,65,5895.159177
26.0,75,5895.778391
43.0,72,5896.373107
40.0,54,5896.764882
50.0,60,5897.2571
34.0,80,5897.834391
45.0,70,5898.370652
48.0,78,5898.940616
59.0,86,5899.67655
59.0,51,5900.053666
24.0,107,5910.151625
29.0,68,6170.757664
35.0,86,6171.398636
68.0,60,6171.804989
46.0,66,6172.399086
39.0,81,6172.995587
23.0,67,6173.487582
42.0,44,6173.803477
53.0,112,6174.727345
60.0,75,6175.264024
29.0,47,6175.681569
69.0,50,6176.19288
45.0,58,6176.680878
49.0,65,6177.127872
29.0,94,6177.759689
50.0,57,6185.560649
45.0,74,6186.111603
32.0,100,6186.859952
35.0,108,6187.639155
59.0,119,6188.468315
50.0,87,6189.152611
55.0,63,6189.608621
50.0,84,6190.168504
61.0,99,6190.834452
38.0,89,6191.425799
52.0,85,6192.007763
33.0,109,6192.856257
23.0,79,6469.355543
53.0,83,6469.923251
52.0,74,6470.467108
61.0,62,6470.913522
46.0,123,6471.753958
39.0,88,6472.360716
44.0,68,6472.831403
55.0,104,6481.364077
43.0,105,6482.080131
43.0,92,6482.712604
49.0,76,6483.508053
34.0,72,6484.085454
59.0,122,6484.978933
66.0,62,6485.460359
36.0,72,6485.976494
65.0,75,6486.501274
54.0,89,6487.221001
27.0,77,6487.781416
57.0,57,6488.206875
30.0,94,6488.979286
34.0,88,6489.754938
53.0,69,6490.311119
64.0,77,6490.991411
37.0,93,6491.99411
59.0,69,6768.045981
60.0,72,6768.518774
49.0,67,6768.946767
33.0,70,6769.417329
46.0,99,6770.098281
30.0,55,6770.463557
53.0,57,6770.848923
35.0,54,6771.207966
64.0,80,6790.191017
57.0,83,6790.771557
61.0,74,6791.315787
76.0,119,6792.112174
72.0,77,6800.286968
51.0,103,6801.000776
60.0,98,6804.425509
69.0,66,6804.899284
39.0,68,6805.442084
65.0,85,6805.997795
54.0,90,6806.60123
61.0,59,6807.02397
54.0,91,6807.83313
62.0,90,6808.425459
33.0,87,6809.011805
59.0,75,6809.546045
59.0,78,6810.37614
53.0,63,6810.784595
62.0,62,6811.193502
54.0,73,7073.951877
67.0,85,7074.558718
58.0,74,7075.065625
32.0,107,7075.833711
46.0,136,7078.011275
47.0,89,7078.599761
62.0,116,7079.358733
28.0,76,7079.836449
39.0,82,7080.437885
57.0,94,7081.305277
62.0,120,7082.117214
78.0,87,7082.688626
46.0,97,7083.353246
60.0,101,7085.290707
60.0,56,7085.744896
40.0,97,7086.497722
54.0,94,7087.192503
51.0,54,7087.619296
58.0,80,7088.225832
35.0,65,7088.713995
57.0,104,7089.661128
59.0,81,7090.289273
48.0,63,7090.744846
47.0,92,7360.842605
39.0,68,7361.333324
58.0,71,7361.825646
79.0,61,7362.219202
53.0,118,7363.253294
28.0,88,7363.840718
44.0,135,7364.940273
67.0,65,7365.368069
42.0,111,7366.243364
46.0,71,7366.858467
45.0,97,7367.582067
58.0,104,7368.394293
62.0,85,7369.044156
38.0,58,7369.554799
66.0,72,7370.488646
36.0,84,7371.529453
70.0,72,7372.008548
67.0,77,7372.510579
40.0,91,7373.125067
56.0,69,7373.621634
53.0,96,7374.398873
55.0,73,7375.035395
65.0,45,7375.335116
64.0,99,7376.419804
54.0,67,7376.975076
42.0,74,7660.560007
47.0,118,7756.767887
51.0,69,7757.314671
63.0,86,7757.887607
57.0,79,7758.400137
55.0,106,7759.210014
38.0,103,7760.003327
28.0,118,7760.791227
62.0,100,7761.604456
44.0,102,7762.316676
45.0,63,7762.728003
68.0,97,7763.364546
37.0,59,7763.824595
53.0,97,7764.58147
43.0,111,7765.859905
51.0,55,7766.249243
49.0,67,7766.676588
61.0,83,7767.216967
56.0,88,7767.82162
62.0,128,7768.869841
54.0,100,7769.5897
28.0,76,7770.090103
70.0,88,8030.065974
54.0,63,8030.579404
56.0,98,8035.451431
39.0,61,8035.863132
68.0,60,8036.255543
35.0,79,8036.880532
70.0,63,8037.301389
37.0,83,8050.721501
40.0,156,8075.80619
46.0,69,8087.590885
80.0,70,8100.367934
51.0,74,8100.862688
32.0,187,8102.980336
59.0,106,8103.744909
42.0,148,8104.801363
58.0,106,8107.492537
59.0,81,8108.141428
29.0,89,8108.745549
55.0,62,8109.161511
41.0,163,8120.299413
43.0,91,8120.932341
41.0,72,8121.407716
46.0,97,8377.29031
54.0,72,8377.968725
53.0,118,8378.868594
60.0,103,8379.649493
50.0,60,8380.044025
50.0,156,8390.674134
71.0,193,8392.399986
38.0,91,8393.037742
50.0,57,8399.143201
46.0,201,8400.739633
49.0,97,8401.382239
67.0,120,8402.330615
68.0,114,8403.093772
75.0,91,8403.81044
44.0,98,8404.446964
77.0,61,8405.011209
72.0,91,8405.659338
78.0,90,8406.418123
42.0,87,8407.024651
66.0,83,8428.504068
52.0,65,8715.071652
63.0,90,8715.706881
30.0,242,8717.421478
51.0,107,8718.187302
90.0,58,8718.586908
77.0,71,8730.381912
60.0,99,8731.066415
45.0,177,8732.515812
66.0,72,8732.998685
31.0,90,8733.708145
35.0,108,8734.446213
53.0,101,8735.242048
50.0,83,8736.552286
59.0,147,8737.890814
62.0,181,8739.446774
53.0,73,8740.004217
51.0,82,8740.587314
44.0,189,8747.029801
57.0,114,9008.509346
54.0,77,9009.289528
39.0,99,9010.043731
64.0,100,9010.87174
36.0,90,9013.646321
48.0,90,9015.35515
53.0,93,9016.126211
32.0,133,9017.095706
70.0,70,9017.666532
39.0,85,9018.322572
38.0,176,9019.764214
72.0,68,9020.231437
49.0,185,9021.726549
54.0,213,9023.189535
26.0,175,9024.564936
65.0,76,9025.18449
34.0,69,9025.845689
49.0,89,9026.470912
45.0,114,9308.640272
54.0,91,9309.269738
47.0,154,9318.615871
33.0,62,9319.137818
50.0,104,9320.021366
47.0,94,9320.805643
67.0,102,9321.507145
67.0,71,9322.076256
50.0,115,9322.919079
66.0,77,9323.454835
30.0,297,9347.307812
64.0,72,9353.064205
46.0,80,9353.764022
69.0,74,9354.418333
40.0,69,9355.155943
42.0,156,9356.674323
53.0,109,9357.653157
82.0,71,9358.968674
62.0,75,9359.553294
70.0,71,9360.13494
54.0,113,9622.244553
33.0,71,9626.698601
41.0,135,9627.624852
50.0,115,9631.7611
88.0,82,9632.296272
64.0,158,9647.444366
44.0,174,9648.671511
61.0,112,9649.52368
31.0,76,9650.085662
65.0,124,9651.595541
58.0,174,9652.845835
57.0,66,9653.271249
35.0,64,9653.725926
35.0,81,9654.510528
34.0,105,9655.258068
53.0,70,9655.818404
55.0,120,9656.587028
33.0,252,9658.386735
39.0,87,9939.041778
55.0,56,9939.440806
77.0,92,9940.124449
38.0,157,9941.528872
65.0,71,9942.229786
53.0,93,9943.047984
77.0,69,9943.511499
62.0,81,9944.043378
37.0,105,9944.75703
38.0,73,9945.261471
52.0,96,9945.94258
83.0,113,9946.794997
80.0,68,9947.297875
48.0,56,9947.806203
61.0,90,9948.434311
52.0,77,9949.077496
80.0,79,9949.833829
53.0,150,9951.036148
53.0,82,9951.648289
65.0,71,9952.161308
54.0,87,9969.593202
45.0,142,9970.564911
54.0,86,10242.626532
78.0,73,10243.513708
54.0,67,10244.09635
47.0,92,10251.359455
44.0,98,10265.273888
53.0,101,10266.299716
63.0,80,10266.865644
54.0,322,10269.109698
45.0,72,10269.579576
59.0,85,10283.031337
60.0,101,10283.681002
28.0,113,10284.649342
54.0,83,10285.246369
50.0,70,10285.868293
49.0,81,10286.691805
46.0,105,10287.457019
52.0,63,10287.872067
63.0,67,10288.512555
41.0,160,10289.612611
61.0,72,10290.080291
52.0,162,10544.192543
58.0,102,10544.977442
58.0,108,10545.805622
60.0,68,10546.302845
57.0,144,10547.438689
44.0,70,10547.920046
51.0,52,10548.256073
54.0,65,10548.675625
61.0,180,10550.026391
63.0,59,10550.428416
68.0,59,10554.768903
90.0,65,10555.266491
59.0,90,10555.947458
74.0,80,10556.54345
63.0,54,10557.024967
59.0,112,10557.977494
58.0,45,10558.268376
62.0,75,10643.27338
64.0,154,10644.397075
23.0,172,10645.657708
56.0,64,10646.067576
67.0,52,10646.403202
88.0,71,10646.861899
79.0,93,10907.242824
60.0,82,10907.976331
80.0,66,10908.505119
70.0,102,10909.233814
55.0,112,10910.367271
61.0,60,10910.910108
35.0,115,10912.099863
40.0,110,10913.767455
59.0,62,10914.905138
60.0,77,10915.489317
54.0,171,10916.677606
38.0,53,10917.118688
37.0,54,10917.447973
37.0,107,10918.240062
69.0,111,10919.043845
67.0,73,10920.164555
52.0,78,10920.692078
56.0,128,10922.148504
53.0,111,10922.80781
43.0,55,10923.145706
55.0,115,10923.849678
46.0,70,10924.442102
54.0,71,10925.229301
51.0,71,11198.506098
51.0,71,11199.240729
65.0,69,11199.797084
44.0,84,11200.613681
59.0,81,11202.001718
57.0,83,11202.618785
56.0,70,11203.116549
50.0,79,11203.736178
56.0,198,11205.495537
49.0,54,11205.88175
65.0,80,11206.500672
49.0,60,11207.033252
43.0,70,11207.587605
51.0,142,11208.665418
42.0,84,11209.391226
51.0,76,11209.986709
63.0,65,11210.540011
47.0,69,11211.105596
51.0,75,11211.67131
67.0,63,11212.117429
72.0,68,11212.617536
53.0,104,11213.351868
55.0,92,11213.995393
72.0,68,11237.646392
74.0,55,11238.056123
56.0,86,11499.236373
57.0,271,11502.264754
49.0,101,11504.72051
26.0,80,11505.386925
51.0,193,11506.711294
61.0,178,11508.168861
59.0,92,11508.845315
49.0,114,11538.830535
64.0,69,11539.488713
70.0,124,11540.496966
64.0,109,11541.298344
80.0,72,11541.836066
56.0,71,11542.740716
48.0,93,11543.584204
63.0,76,11544.084441
69.0,63,11544.502867
59.0,95,11545.20402
45.0,110,11545.958139
57.0,102,11546.633242
58.0,97,11809.76159
73.0,63,11823.256306
54.0,112,11824.066983
79.0,102,11824.817465
35.0,321,11843.723126
72.0,52,11856.894757
33.0,114,11857.717252
51.0,60,11858.194481
48.0,81,11858.769633
46.0,96,11859.707174
53.0,60,11860.239874
56.0,76,11860.827313
63.0,105,11889.485978
77.0,63,11890.180067
38.0,76,11891.214813
79.0,86,11893.035914
63.0,51,11893.482028
72.0,193,11895.045212
60.0,65,11895.520273
69.0,95,11896.36972
25.0,132,12156.932861
58.0,269,12158.999339
51.0,93,12159.679597
61.0,52,12160.064104
46.0,120,12160.966107
67.0,106,12161.70435
62.0,70,12162.229289
67.0,102,12163.019515
50.0,118,12163.929615
48.0,57,12164.472096
52.0,128,12165.855468
76.0,61,12166.243641
27.0,124,12167.173036
62.0,105,12167.890031
70.0,53,12168.281454
48.0,97,12169.778329
68.0,103,12170.9785
68.0,163,12283.754176
53.0,101,12284.7059
23.0,205,12545.207854
77.0,59,12545.813516
39.0,58,12546.322177
55.0,281,12548.440889
56.0,146,12549.554932
47.0,82,12550.185693
65.0,355,12554.5137
58.0,143,12556.501843
41.0,167,12565.613276
43.0,101,12566.381497
66.0,74,12567.122439
54.0,89,12567.93878
42.0,173,12569.144488
66.0,120,12569.949359
63.0,130,12862.09119
75.0,97,12869.192564
55.0,133,12871.244806
50.0,100,12871.990881
69.0,164,12873.158642
60.0,68,12873.604585
55.0,67,12874.095444
44.0,96,12874.755747
48.0,68,12875.189531
41.0,67,12875.833135
70.0,66,12876.309055
57.0,96,12887.740053
102.0,62,12888.354299
55.0,92,12888.975222
85.0,87,12889.607601
58.0,72,12890.067329
74.0,99,12890.783033
79.0,69,12891.250961
42.0,100,12891.979681
67.0,82,12892.769503
74.0,86,12893.430315
82.0,58,12893.926312
76.0,75,12894.568635
57.0,141,13157.459281
70.0,218,13169.114421
44.0,72,13169.692913
51.0,69,13170.620074
63.0,97,13209.243513
63.0,65,13209.79153
75.0,57,13210.272852
49.0,99,13211.060472
61.0,235,13215.181468
57.0,72,13215.702487
48.0,89,13216.61843
66.0,76,13217.460018
66.0,98,13218.219147
47.0,124,13219.431256
52.0,132,13234.03023
41.0,178,13248.576229
59.0,106,13263.006497
68.0,107,13263.766314
39.0,105,13272.050025
67.0,65,13529.57845
67.0,106,13530.516861
48.0,185,13532.652002
58.0,58,13533.053874
44.0,106,13533.974533
74.0,114,13534.96185
56.0,158,13536.089796
70.0,243,13539.996296
88.0,53,13540.367651
45.0,64,13540.811761
63.0,88,13541.502436
60.0,69,13542.142005
54.0,75,13542.718948
77.0,109,13543.471965
52.0,172,13544.705366
58.0,83,13545.295477
65.0,114,13546.124322
49.0,76,13546.989938
50.0,69,13549.310284
68.0,98,13839.928881
40.0,247,13878.122699
58.0,96,13878.900388
49.0,150,13880.146109
62.0,56,13880.99672
59.0,282,13883.686928
64.0,113,13884.484617
68.0,59,13885.004672
61.0,85,13885.606873
42.0,88,13886.22425
60.0,135,13887.208312
74.0,141,13888.600407
51.0,55,13888.99097
54.0,88,13889.626769
52.0,96,13890.321022
82.0,67,13890.754892
41.0,76,13902.108589
17.0,316,14168.754853
67.0,107,14169.56919
74.0,105,14170.359556
74.0,93,14171.319145
65.0,137,14172.759861
49.0,122,14174.552965
64.0,126,14175.659498
72.0,61,14176.089767
79.0,168,14177.260471
38.0,92,14178.003131
77.0,170,14179.263593
54.0,150,14180.442202
65.0,98,14181.065313
46.0,234,14183.449862
61.0,491,14448.197146
47.0,90,14448.853209
52.0,143,14450.12376
75.0,108,14451.13975
72.0,96,14452.066198
60.0,64,14452.743061
53.0,155,14454.108858
85.0,103,14454.922068
49.0,105,14455.925826
77.0,92,14456.613434
69.0,98,14457.374728
62.0,86,14458.020903
60.0,61,14458.491764
70.0,118,14460.233101
65.0,116,14461.092621
61.0,100,14462.144207
67.0,69,14462.59472
57.0,119,14463.679419
68.0,85,14752.700815
33.0,157,14753.744302
32.0,81,14754.308321
42.0,106,14755.026431
59.0,70,14755.492586
35.0,161,14756.746006
59.0,95,14757.663133
48.0,208,14759.408234
49.0,76,14759.995574
51.0,48,14760.308804
79.0,76,14760.836658
71.0,179,14764.12081
68.0,220,14765.811583
63.0,100,14766.678128
47.0,116,14767.650906
60.0,78,14768.396941
59.0,1190,15039.353894
71.0,191,15042.000942
65.0,83,15042.528925
60.0,170,15043.706417
57.0,319,15060.556528
55.0,146,15061.744869
56.0,212,15063.389937
72.0,96,15325.432967
58.0,147,15326.584961
76.0,94,15327.303711
59.0,110,15328.092765
64.0,237,15329.916664
55.0,123,15330.833352
48.0,100,15341.637188
65.0,91,15342.292312
98.0,97,15343.021646
42.0,206,15344.629141
44.0,111,15345.445337
71.0,777,15639.068668
61.0,113,15641.03375
71.0,214,15642.74322
47.0,85,15643.298991
66.0,59,15643.850526
74.0,84,15644.57389
63.0,79,15645.15246
71.0,78,15645.853397
62.0,123,15646.667011
57.0,179,15647.998422
60.0,203,15649.63281
57.0,226,15652.019693
73.0,148,15653.559137
67.0,101,15654.219831
57.0,96,15655.193845
74.0,85,15655.943468
86.0,59,15914.611674
39.0,390,15917.998976
63.0,168,15919.441374
46.0,52,15919.818053
54.0,94,15920.63459
58.0,76,15921.132877
46.0,69,15921.648937
76.0,270,15923.629754
64.0,394,15926.731473
67.0,78,15927.293411
47.0,168,15928.457116
58.0,93,15929.117913
42.0,156,15930.187764
46.0,511,16195.245575
58.0,461,16198.490458
55.0,248,16275.897366
56.0,128,16276.810541
65.0,113,16277.625311
64.0,92,16278.385657
41.0,91,16279.015612
62.0,154,16280.086634
72.0,311,16568.603815
62.0,70,16569.189712
54.0,198,16570.852861
70.0,227,16573.226437
43.0,113,16574.310423
88.0,151,16576.150935
82.0,121,16577.805914
46.0,203,16579.391434
62.0,92,16580.100017
48.0,195,16581.795656
40.0,147,16587.202893
48.0,265,16589.40466
62.0,110,16590.563807
52.0,91,16591.36766
50.0,190,16858.770724
54.0,767,16871.455112
46.0,154,16872.455
78.0,171,16873.528248
83.0,150,16896.057257
63.0,116,16897.259534
76.0,150,16898.659799
53.0,175,16900.167029
78.0,304,17162.733196
47.0,95,17163.414613
72.0,87,17164.059884
58.0,196,17165.539494
62.0,144,17166.649127
44.0,584,17171.585351
57.0,293,17174.75379
40.0,248,17176.715559
74.0,96,17177.41929
57.0,292,17439.061083
40.0,1740,17499.24595
63.0,110,17499.988932
77.0,444,17765.886923
52.0,181,17767.302774
62.0,100,17768.115911
77.0,656,17800.072602
58.0,175,17801.746409
59.0,202,17803.201902
26.0,1614,18109.949807
51.0,142,18110.928793
78.0,78,18111.431899
73.0,210,18112.843285
62.0,323,18115.301823
75.0,468,18426.94097
55.0,1708,18699.251961
35.0,229,18700.84963
47.0,141,18701.879708
66.0,120,18702.708563
46.0,101,18703.421641
79.0,107,18704.194684
75.0,84,18704.788273
76.0,64,18705.239024
69.0,245,18707.705624
70.0,222,18711.52401
63.0,118,18712.335014
64.0,256,18714.076558
67.0,261,18715.917914
61.0,87,19006.517794
77.0,211,19008.104844
52.0,76,19008.627084
53.0,342,19010.983129
70.0,99,19011.72062
81.0,270,19013.912278
34.0,144,19014.859717
56.0,379,19020.390224
40.0,143,19021.419977
63.0,219,19022.94921
73.0,720,19293.744797
52.0,109,19294.475563
63.0,210,19296.075448
57.0,105,19297.107065
51.0,208,19298.823158
44.0,162,19300.561138
62.0,291,19302.907167
50.0,390,19555.829496
84.0,225,19567.310447
56.0,84,19567.825622
39.0,232,19569.403976
63.0,178,19570.452424
51.0,1837,19854.57773
69.0,332,19860.896596
75.0,296,19863.353177
39.0,498,19867.060754
56.0,710,20160.562346
72.0,188,20161.86055
44.0,222,20163.527495
72.0,141,20164.690085
68.0,181,20166.113372
49.0,362,20168.569432
70.0,433,20218.740976
70.0,121,20219.532221
65.0,716,20488.797749
41.0,272,20491.146391
49.0,357,20493.942489
52.0,237,20495.577921
73.0,122,20496.410649
80.0,474,20752.552976
70.0,131,20753.879341
54.0,74,20754.589746
83.0,159,20760.571731
69.0,100,20761.337083
47.0,912,20767.297819
64.0,100,20768.06645
50.0,2000,21100.246652
52.0,59,21100.738483
74.0,124,21101.611322
64.0,612,21368.035394
60.0,145,21369.230637
48.0,250,21371.16489
48.0,125,21372.160434
38.0,298,21433.847422
60.0,314,21436.262642
57.0,846,21738.753061
50.0,266,21741.133231
83.0,218,21742.769631
54.0,154,21743.880187
63.0,277,21745.878161
59.0,128,21746.751839
62.0,114,21747.448043
64.0,113,21748.178356
30.0,2000,22059.82169
53.0,427,22062.945608
58.0,221,22064.432155
59.0,363,22332.460521
80.0,105,22333.209995
69.0,198,22334.710441
60.0,771,22340.643712
53.0,671,22604.119926
88.0,86,22605.781451
76.0,185,22607.186799
73.0,247,22609.064181
81.0,200,22610.457256
61.0,605,22615.56098
57.0,108,22616.568765
77.0,496,22620.233736
56.0,111,22903.307256
46.0,133,22904.645226
68.0,434,22908.275607
58.0,617,22914.188251
55.0,216,22916.219933
68.0,205,22917.708041
49.0,215,22919.438647
78.0,143,22920.529424
73.0,469,23192.522526
54.0,2000,23483.086746
72.0,263,23485.403552
62.0,464,23488.941976
72.0,434,23492.011611
63.0,127,23499.485874
60.0,249,23501.124282
33.0,156,23773.897936
52.0,541,23777.850851
71.0,677,23783.328919
68.0,377,23785.954218
58.0,228,23787.444992
49.0,1298,24081.87638
57.0,287,24084.141332
43.0,360,24086.76949
56.0,174,24088.446088
81.0,969,24356.499722
68.0,172,24357.68088
56.0,1055,24632.837366
43.0,210,24634.678648
65.0,280,24636.688938
39.0,596,24641.23673
53.0,507,24649.780848
95.0,228,24651.457412
78.0,242,24938.087183
59.0,286,24940.347919
55.0,280,24942.229217
75.0,144,24943.323558
64.0,177,24946.326674
57.0,195,24949.501981
44.0,311,24954.423396
54.0,129,24955.312919
70.0,299,24957.244904
43.0,167,24958.344566
47.0,203,25217.663274
42.0,179,25218.897461
65.0,573,25222.655811
51.0,77,25223.301446
36.0,461,25228.881655
52.0,109,25232.607478
46.0,693,25498.863386
37.0,123,25499.786271
51.0,1840,25835.784137
49.0,196,25837.398466
83.0,125,25844.942499
46.0,631,25852.16447
51.0,376,25855.394647
51.0,88,25856.022383
57.0,785,26144.93247
40.0,751,26150.911014
80.0,217,26152.434262
55.0,188,26154.189332
68.0,360,26156.618421
45.0,121,26157.598436
50.0,234,26418.748517
60.0,2000,26722.997303
72.0,112,26723.992448
42.0,147,26725.255243
47.0,799,26732.67377
72.0,710,26739.762771
65.0,505,27012.598951
66.0,1005,27033.256439
50.0,328,27035.520324
58.0,370,27038.195183
81.0,130,27301.710951
54.0,87,27302.315264
70.0,167,27303.486809
58.0,344,27305.834039
69.0,400,27308.553308
47.0,713,27337.730508
55.0,131,27349.376318
62.0,308,27618.267735
31.0,317,27621.703484
57.0,762,27627.994731
71.0,131,27628.900397
89.0,357,27631.699155
75.0,172,27633.323005
71.0,267,27920.877152
63.0,85,27921.513625
45.0,358,27924.779082
54.0,1752,28213.102597
33.0,1182,28221.60919
53.0,435,28224.51486
51.0,1141,28503.180106
63.0,201,28506.300048
49.0,595,28518.807513
67.0,168,28520.197453
73.0,184,28816.109755
38.0,373,28820.038138
87.0,170,28821.326039
48.0,332,28824.30936
64.0,878,28832.489009
58.0,674,29126.957139
47.0,383,29150.427838
70.0,443,29191.048545
59.0,503,29222.850187
71.0,206,29231.792621
59.0,2000,29518.785914
65.0,434,29803.737816
50.0,848,29810.23554
52.0,372,29813.283963
44.0,366,29816.202106
87.0,202,30078.363683
37.0,2000,30360.287726
52.0,2000,30376.162709
64.0,123,30668.63
65.0,459,30672.310944
64.0,414,30676.457528
69.0,349,30680.419975
54.0,398,30683.229458
73.0,932,30954.518954
61.0,2000,31267.039809
54.0,126,31267.97719
77.0,769,31274.972814
64.0,543,31279.436784
49.0,141,31584.368175
58.0,1676,31616.86046
56.0,144,31617.929696
34.0,879,31938.442397
41.0,369,31942.921296
52.0,283,31944.893041
60.0,57,31945.221089
46.0,211,31946.625636
52.0,455,32233.377687
70.0,135,32234.55954
71.0,1588,32248.082257
65.0,245,32257.043136
74.0,215,32529.631589
58.0,278,32532.196172
50.0,2000,32821.276112
75.0,238,32842.327204
43.0,1647,33145.416522
54.0,997,33153.316742
56.0,159,33173.371788
65.0,554,33200.442373
72.0,210,33480.849052
64.0,119,33481.921066
60.0,129,33482.777727
33.0,155,33483.779346
45.0,397,33486.623722
67.0,92,33487.210484
69.0,125,33488.16578
22.0,2000,33770.684481
39.0,791,33776.378298
70.0,306,34067.496057
73.0,125,34068.482684
54.0,2000,34348.055172
50.0,414,34350.99152
43.0,2000,34645.154751
68.0,1096,34674.656376
53.0,619,34948.809891
68.0,722,34965.038926
65.0,85,34965.62425
65.0,1271,35252.210345
77.0,107,35252.987376
66.0,292,35255.15621
46.0,536,35258.935066
81.0,1641,35565.148232
32.0,494,35568.287749
68.0,140,35569.3234
28.0,2000,35846.850993
63.0,316,35848.883448
37.0,2000,36150.937838
41.0,2000,36449.387368
69.0,330,36451.412016
63.0,497,36726.263329
55.0,2000,37021.36814
67.0,292,37023.291944
71.0,351,37025.679643
49.0,409,37028.382797
53.0,819,37291.966634
65.0,110,37292.752689
53.0,388,37295.752505
47.0,165,37296.950542
62.0,280,37299.112129
45.0,907,37305.127829
41.0,243,37583.458174
81.0,72,37583.965907
70.0,553,37599.194576
49.0,203,37600.915228
53.0,1988,37895.272088
46.0,195,37896.720348
65.0,234,37898.261891
78.0,637,38162.539606
73.0,518,38166.149648
42.0,1908,38495.140516
56.0,511,38498.327222
77.0,995,38519.93078
62.0,147,38521.092108
53.0,145,38781.903923
61.0,2000,39061.185704
53.0,157,39062.170439
53.0,233,39063.656439
69.0,147,39064.66129
74.0,993,39071.822304
60.0,122,39072.591629
41.0,345,39338.205589
40.0,475,39341.253744
44.0,134,39342.271384
49.0,226,39343.98952
65.0,895,39350.026998
34.0,1080,39647.042849
72.0,124,39647.94778
36.0,206,39649.447761
57.0,175,39650.654686
55.0,238,39652.460148
64.0,156,39653.577737
70.0,193,39655.107062
52.0,482,39941.728372
71.0,113,39951.745706
49.0,300,39954.201155
81.0,665,39959.277714
44.0,524,39963.282513
47.0,207,40245.866421
62.0,149,40247.22347
75.0,333,40249.664412
60.0,1508,40546.117506
32.0,2000,40560.466065
39.0,591,40826.180501
47.0,614,40830.343183
83.0,930,41120.923272
65.0,2000,41374.554038
38.0,2000,41387.674959
59.0,551,41651.767725
49.0,1301,41725.017306
55.0,117,41725.844073
51.0,2000,41978.610549
76.0,905,42224.874708
45.0,2000,42478.127613
23.0,2000,42757.469763
44.0,534,42761.348399
23.0,2000,43021.676806
68.0,243,43023.279949
57.0,2000,43272.59928
68.0,558,43276.313789
56.0,226,43544.125612
68.0,302,43546.201526
54.0,501,43549.893573
30.0,1233,43809.714702
71.0,171,43810.930826
89.0,259,43812.745375
63.0,2000,44085.658728
49.0,1767,44352.854128
62.0,200,44354.097923
84.0,92,44354.628453
72.0,1128,44363.152619
57.0,858,44606.166622
44.0,1841,44878.428668
44.0,844,44884.249652
45.0,2000,45154.107904
22.0,2000,45450.901387
46.0,2000,45718.205474
54.0,80,45718.751978
83.0,490,45722.018279
47.0,300,45724.075277
60.0,162,45725.088068
65.0,873,45985.906602
50.0,365,45989.891312
57.0,214,45991.617858
73.0,300,45993.871348
73.0,224,45995.379449
70.0,564,46249.168384
70.0,75,46249.640871
85.0,1437,46259.391913
44.0,847,46520.251995
65.0,1425,46779.202405
54.0,117,46779.978746
53.0,273,46781.727009
46.0,177,46783.082366
48.0,90,46783.632503
36.0,1368,47039.434437
42.0,1090,47046.803019
64.0,1328,47315.008158
65.0,357,47317.334409
50.0,264,47319.371835
57.0,198,47320.614917
29.0,183,47321.914044
85.0,573,47325.408423
58.0,100,47563.580688
55.0,473,47567.307696
69.0,683,47572.37887
40.0,2000,47934.667642
23.0,2000,48187.776348
45.0,238,48189.523037
85.0,77,48190.111025
51.0,191,48191.386862
40.0,536,48472.780421
39.0,208,48474.584809
43.0,126,48475.3439
50.0,285,48477.156541
50.0,568,48480.930068
50.0,2000,48759.623864
80.0,1067,49010.244437
51.0,330,49012.418541
54.0,332,49028.038289
77.0,267,49029.922561
43.0,215,49031.398303
64.0,1064,49279.946584
57.0,387,49282.499307
58.0,1152,49290.381904
59.0,531,49554.043569
89.0,205,49555.492897
73.0,125,49556.264695
57.0,2000,49833.07537
45.0,211,49834.625848
64.0,290,49841.074269
83.0,180,49842.262614
63.0,168,49852.470367
55.0,2000,50143.588248
25.0,2000,50393.078667
51.0,143,50393.935739
39.0,448,50396.919942
52.0,132,50646.09725
68.0,2000,50913.456716
35.0,2000,51164.269449
73.0,375,51166.694207
74.0,1769,51420.591628
63.0,418,51423.631775
47.0,791,51428.948081
48.0,82,51429.506547
47.0,517,51433.342218
34.0,142,51696.060057
43.0,371,51698.448128
62.0,302,51700.51402
40.0,584,51704.613713
43.0,2000,51953.801975
80.0,1257,52227.748243
70.0,97,52228.592802
75.0,117,52229.340522
46.0,840,52234.791957
78.0,234,52236.384138
34.0,2000,52498.68633
49.0,270,52500.376366
43.0,303,52746.947679
69.0,288,52748.962535
54.0,437,52751.783987
16.0,30,52752.031813
47.0,2000,53022.580679
55.0,385,53025.125625
69.0,510,53028.380611
67.0,591,53270.088621
33.0,1885,53523.747522
48.0,1894,53801.540642
52.0,365,53804.078794
59.0,445,53807.114609
55.0,123,53807.920259
58.0,100,53808.711291
20.0,188,53810.220574
63.0,108,53810.951287
45.0,239,53812.513129
54.0,483,54057.587827
56.0,138,54058.652012
30.0,89,54059.222672
60.0,181,54060.419178
59.0,117,54061.289351
26.0,537,54064.919301
43.0,110,54065.799536
50.0,532,54069.168753
70.0,1686,54346.092875
74.0,110,54346.775567
70.0,1833,54599.653298
59.0,172,54600.751842
71.0,160,54601.850556
54.0,1176,54885.215797
48.0,464,54888.571727
60.0,150,54889.602493
79.0,974,55138.115769
74.0,214,55139.545406
58.0,2000,55400.863926
64.0,661,55459.825529
64.0,128,55460.774653
41.0,321,55463.190146
64.0,466,55466.456691
67.0,59,55722.581669
61.0,74,55723.107015
42.0,1980,55977.916131
65.0,359,55980.339026
39.0,2000,56276.355609
94.0,92,56276.886152
68.0,597,56280.964489
55.0,150,56281.914902
59.0,125,56282.815199
37.0,413,56285.549655
56.0,389,56527.611368
50.0,760,56532.713072
76.0,155,56533.748042
50.0,2000,56931.309177
53.0,674,56961.633743
59.0,158,56962.725883
40.0,365,57203.906407
62.0,583,57208.411523
35.0,508,57213.386544
27.0,251,57214.993636
63.0,120,57215.774959
53.0,125,57216.75223
49.0,345,57219.194942
49.0,120,57470.884311
55.0,221,57472.340362
50.0,2000,57736.364398
63.0,2000,57992.537964
69.0,46,57992.832611
59.0,124,58012.533731
53.0,478,58015.856246
64.0,100,58016.547165
40.0,70,58017.033024
61.0,90,58017.697102
59.0,715,58022.837332
51.0,556,58272.540406
53.0,77,58273.04563
84.0,1886,58542.024743
36.0,152,58543.882826
50.0,2000,58797.596833
61.0,329,58799.83167
35.0,2000,59072.878525
40.0,151,59073.863365
65.0,1003,59088.94943
53.0,282,59373.16531
59.0,411,59376.031724
45.0,56,59376.373335
32.0,195,59377.540916
68.0,153,59378.475702
54.0,284,59380.110558
33.0,653,59387.190222
43.0,243,59388.684349
57.0,1785,59640.179962
70.0,465,59902.312242
55.0,1045,59909.40832
72.0,895,60154.981188
46.0,373,60157.542703
55.0,107,60158.210937
38.0,249,60159.768684
62.0,312,60161.843969
62.0,101,60162.679878
43.0,77,60163.171405
34.0,398,60165.761638
40.0,1326,60472.469777
42.0,98,60473.107552
69.0,839,60500.798059
83.0,211,60758.082529
45.0,349,60760.491005
35.0,663,60765.529639
46.0,934,60771.605325
50.0,286,61033.94823
54.0,383,61036.342933
58.0,448,61039.275986
63.0,262,61040.914335
58.0,603,61044.78984
40.0,1005,61289.215053
53.0,169,61290.497548
40.0,107,61291.155685
60.0,412,61293.736106
59.0,103,61294.376132
60.0,130,61295.154833
50.0,236,61537.624976
73.0,151,61538.589507
59.0,130,61539.383205
59.0,644,61543.713458
64.0,221,61545.072597
46.0,187,61546.324145
49.0,597,61550.163416
48.0,2000,61825.354901
54.0,301,62070.442312
73.0,174,62071.62535
54.0,2000,62322.175505
77.0,136,62323.034892
70.0,2000,62603.485146
31.0,513,62607.072409
51.0,865,62632.939501
45.0,1105,62881.375676
40.0,666,62885.487465
19.0,1737,63163.075949
58.0,129,63163.915671
64.0,109,63164.636793
59.0,873,63409.417184
67.0,687,63414.033394
46.0,1173,63657.207041
46.0,2000,63902.763924
60.0,121,64151.007312
43.0,674,64155.183122
63.0,2000,64416.364542
44.0,99,64416.989969
64.0,1507,64681.330755
44.0,486,64684.733787
55.0,832,64690.250747
29.0,125,64691.012174
67.0,2000,64943.006414
53.0,432,65211.981871
70.0,92,65212.598545
74.0,493,65216.073591
35.0,240,65217.65836
50.0,891,65224.06538
65.0,920,65467.336728
15.0,75,65467.802006
49.0,294,65469.733297
60.0,554,65473.336366
39.0,218,65474.742698
54.0,79,65475.237692
71.0,117,65476.003159
35.0,2000,65755.707347
49.0,215,65997.613577
55.0,190,65998.912817
25.0,42,65999.209857
40.0,964,66005.748909
49.0,361,66008.196332
64.0,633,66276.218767
53.0,2000,66548.231154
38.0,115,66548.992862
58.0,452,66552.07677
40.0,2000,66818.187471
70.0,498,66822.25478
45.0,1401,67083.890193
73.0,2000,67366.11402
44.0,430,67370.328537
67.0,228,67372.165376
51.0,89,67372.745708
53.0,140,67373.636599
64.0,1822,67624.069192
53.0,100,67624.715976
58.0,108,67625.39892
74.0,264,67627.348602
44.0,66,67627.825522
78.0,96,67628.593093
74.0,137,67629.547487
12.0,974,67874.378739
79.0,2000,68200.954302
53.0,481,68204.574416
64.0,557,68208.390223
73.0,1747,68475.723568
60.0,336,68478.098383
50.0,94,68478.719406
49.0,96,68728.854257
48.0,283,68730.659449
70.0,524,68734.018764
77.0,81,68734.515752
51.0,390,68736.892873
75.0,371,68753.169805
51.0,461,68994.541428
38.0,863,69000.45518
45.0,398,69002.963408
46.0,249,69004.659989
70.0,637,69277.162033
35.0,59,69277.525741
50.0,75,69278.008993
54.0,92,69279.287378
65.0,316,69282.836682
39.0,350,69285.1025
30.0,612,69289.216737
42.0,444,69531.421664
71.0,364,69533.658496
55.0,530,69537.460333
61.0,2000,69820.905473
37.0,1143,70072.089558
60.0,876,70078.148121
62.0,485,70081.817459
32.0,153,70082.837224
56.0,85,70083.384526
50.0,164,70084.530776
54.0,402,70348.835971
37.0,408,70353.181715
55.0,91,70353.755128
31.0,153,70354.755756
65.0,130,70355.607626
54.0,505,70359.306552
54.0,132,70360.154021
45.0,350,70362.611022
43.0,275,70618.296203
58.0,187,70619.677051
43.0,100,70620.319354
60.0,550,70623.99316
4.0,80,70624.607467
62.0,541,70639.467799
65.0,120,70640.356312
46.0,593,70943.394342
58.0,67,70943.807153
80.0,150,70944.901754
47.0,177,70946.054424
47.0,65,70946.526265
57.0,333,70948.659563
50.0,1784,71217.37106
46.0,92,71217.913216
49.0,1145,71497.300958
66.0,273,71499.302891
46.0,169,71500.41938
44.0,2000,71762.754584
42.0,356,71765.196298
55.0,84,71765.735747
41.0,128,71766.542583
51.0,488,71769.826925
85.0,78,71770.330356
55.0,117,71771.080691
42.0,2000,72055.282716
59.0,71,72055.776121
45.0,126,72056.67922
61.0,397,72307.528379
61.0,69,72307.997614
48.0,956,72314.553955
49.0,1026,72592.353656
59.0,298,72594.302704
57.0,191,72595.549237
68.0,694,72602.005961
49.0,153,72603.076435
42.0,2000,72869.454291
63.0,260,72871.184947
69.0,76,72871.695966
60.0,70,72872.378799
52.0,993,73144.995758
45.0,119,73145.911989
37.0,265,73147.744564
54.0,105,73148.420704
30.0,101,73149.065509
40.0,2000,73413.159416
58.0,510,73416.785774
67.0,2000,73712.62511
44.0,2000,73996.490651
30.0,487,74266.334682
54.0,450,74269.574453
53.0,224,74271.487286
69.0,94,74272.177613
39.0,565,74276.158693
45.0,2000,74547.419726
52.0,102,74548.095673
65.0,93,74548.915455
43.0,347,74551.574939
84.0,649,74807.6134
57.0,369,74810.398342
57.0,71,74810.908776
39.0,59,74811.290744
54.0,251,74812.986471
58.0,172,74814.300056
40.0,2000,75100.098417
45.0,267,75102.955355
70.0,171,75104.228927
60.0,1164,75367.859604
55.0,191,75369.257432
65.0,59,75369.648216
29.0,628,75374.05159
50.0,320,75642.087913
72.0,75,75642.698896
40.0,104,75643.408107
69.0,1303,75653.046287
70.0,268,75654.882132
85.0,133,75924.544699
68.0,161,75925.540258
35.0,277,75927.307383
60.0,438,75930.169547
50.0,177,75931.322426
58.0,414,75934.252914
73.0,1441,76215.783635
46.0,80,76216.325584
69.0,378,76219.083741
65.0,818,76486.423975
89.0,89,76486.968034
64.0,2000,76763.308084
55.0,370,76766.280108
62.0,1322,76777.588835
69.0,2000,77097.57385
30.0,2000,77393.495421
50.0,2000,77667.156453
42.0,263,77669.452947
80.0,1218,77964.694816
58.0,64,77965.200897
65.0,81,77965.776642
58.0,371,77968.195333
80.0,495,78239.807925
65.0,92,78240.387541
70.0,293,78242.847166
47.0,691,78247.87158
60.0,220,78249.602883
50.0,345,78270.426872
64.0,88,78271.021419
39.0,292,78536.650435
64.0,58,78537.100536
76.0,96,78537.834147
63.0,1663,78550.565544
49.0,92,78551.449257
50.0,333,78848.650692
29.0,1451,78859.360898
62.0,286,78861.491004
74.0,80,79152.778047
65.0,139,79153.891185
35.0,38,79154.176861
40.0,2000,79490.944336
59.0,748,79497.539925
43.0,83,79498.276819
44.0,81,79498.968483
62.0,2000,79911.892544
60.0,135,79912.949834
69.0,99,79913.633364
70.0,1022,80209.991658
34.0,121,80210.92848
46.0,2000,80536.739971
30.0,274,80538.718811
45.0,575,80543.132966
23.0,131,80544.152402
70.0,2000,80831.182404
28.0,436,80834.801701
64.0,94,80835.686992
62.0,107,80836.478173
53.0,267,81206.300847
60.0,485,81210.464222
57.0,84,81211.098891
62.0,621,81216.256123
54.0,274,81218.585712
60.0,2000,81613.142946
54.0,104,81614.118078
45.0,121,81614.952048
63.0,51,81615.300875
55.0,2000,81905.989627
54.0,292,81908.254669
43.0,87,82181.621405
49.0,2000,82482.124116
60.0,2000,82500.404201
40.0,2000,82780.710791
49.0,248,83056.658609
60.0,474,83060.753946
80.0,82,83061.317103
59.0,1127,83070.351689
49.0,100,83071.119514
44.0,61,83071.530632
73.0,68,83318.112714
48.0,212,83319.894044
48.0,183,83321.309646
62.0,153,83322.466543
50.0,223,83324.0644
55.0,106,83324.861834
52.0,2000,83608.644491
48.0,490,83612.581268
40.0,204,83614.076784
45.0,46,83614.441365
69.0,2000,83942.703163
49.0,306,83957.224232
34.0,100,83958.153957
40.0,235,84211.387853
81.0,727,84218.138291
60.0,496,84222.815912
54.0,175,84224.043641
46.0,2000,84515.995916
64.0,499,84520.433955
60.0,839,84805.947721
39.0,342,84808.963948
43.0,264,84810.981966
46.0,137,84812.109414
35.0,795,85074.277716
60.0,813,85129.194398
36.0,252,85131.406936
43.0,354,85134.242174
42.0,1688,85436.703604
50.0,285,85439.114701
44.0,429,85709.090451
45.0,1181,85718.936626
36.0,1274,85995.338607
55.0,341,85998.222211
75.0,174,86000.0066
70.0,182,86001.475317
46.0,63,86002.042192
55.0,1188,86272.342588
46.0,219,86274.065303
40.0,2000,86544.636545
48.0,67,86545.156082
55.0,341,86548.363321
49.0,109,86565.421959
64.0,340,86569.634856
62.0,118,86571.042114
65.0,86,86571.953598
23.0,842,86863.670648
59.0,70,86864.421667
39.0,2000,87139.995381
65.0,2000,87492.964086
65.0,239,87494.389493
22.0,677,87503.286407
50.0,57,87503.740993
63.0,112,87504.618497
58.0,79,87505.192585
59.0,217,87507.569823
48.0,435,87790.727818
48.0,330,87793.519387
72.0,648,87799.321281
80.0,160,87800.441174
59.0,84,87801.121145
55.0,2000,88116.350662
68.0,87,88117.001748
59.0,219,88119.119073
54.0,130,88120.397041
54.0,236,88122.426741
49.0,231,88385.322239
51.0,348,88388.424952
51.0,287,88390.628294
38.0,2000,88698.528335
55.0,245,88700.356618
54.0,115,88701.730638
66.0,384,88705.006123
73.0,100,88705.709773
35.0,150,88706.882825
42.0,2000,88988.943843
34.0,2000,89315.000002
49.0,1237,89593.90793
81.0,94,89594.710152
86.0,94,89595.82626
66.0,127,89596.821499
60.0,257,89599.215014
52.0,176,89600.608756
5.0,68,89601.113001
54.0,441,89604.432909
60.0,113,89877.480765
60.0,389,89880.808874
73.0,71,89881.378497
34.0,520,89885.184928
57.0,128,89886.444302
53.0,1068,90204.491686
70.0,2000,90500.230405
55.0,679,90505.538834
49.0,337,90509.053544
60.0,176,90510.591267
34.0,2000,90803.863032
45.0,2000,91101.317876
52.0,68,91101.825213
47.0,419,91105.063067
58.0,127,91106.119991
84.0,108,91107.325969
40.0,261,91406.636189
69.0,267,91409.514888
60.0,89,91410.342085
48.0,150,91411.589397
44.0,2000,91705.303347
78.0,127,91706.330307
63.0,182,91708.017276
74.0,149,91709.066624
61.0,176,91710.483518
36.0,2000,92063.510177
46.0,244,92065.533693
54.0,334,92097.081601
64.0,2000,92433.064234
50.0,70,92433.717962
49.0,67,92434.326229
45.0,187,92735.583674
30.0,141,92736.749568
61.0,199,92738.405997
55.0,98,92739.137107
53.0,91,92739.863237
33.0,337,92742.442575
62.0,2000,93024.070862
49.0,237,93026.216702
65.0,284,93028.68089
55.0,115,93029.591737
60.0,79,93030.120613
39.0,155,93031.32829
53.0,257,93033.306572
47.0,215,93313.364079
54.0,203,93314.879639
63.0,2000,93613.685052
68.0,354,93616.714151
66.0,85,93617.211179
66.0,84,93617.946106
52.0,108,93618.767349
39.0,66,93619.350708
64.0,813,93626.961133
50.0,158,93628.113909
69.0,104,93894.091297
51.0,497,93898.206817
41.0,311,93900.706554
39.0,233,93902.402182
51.0,176,93903.735918
54.0,55,93904.165856
41.0,202,93950.645032
59.0,128,94024.374563
55.0,187,94026.708705
45.0,1419,94346.192538
29.0,186,94348.088271
48.0,2000,94647.401908
75.0,65,94647.88582
49.0,136,94649.035878
48.0,82,94649.707864
39.0,579,94971.302606
88.0,395,94974.310005
61.0,148,94975.422556
55.0,237,95004.386571
70.0,368,95007.304412
46.0,313,95040.364928
68.0,240,95042.375846
75.0,226,95305.821502
53.0,196,95332.601834
46.0,67,95333.070837
30.0,137,95334.478394
62.0,69,95335.139274
61.0,254,95336.803474
59.0,160,95338.08413
59.0,1549,95648.875876
60.0,325,95651.222072
66.0,88,95651.969527
59.0,2000,95920.828711
39.0,106,95921.843515
35.0,2000,96219.589215
42.0,1650,96508.45402
79.0,979,96516.113641
48.0,85,96516.743991
51.0,1232,96815.067495
59.0,731,96821.051298
48.0,1258,97119.651622
48.0,406,97122.491331
48.0,263,97125.003947
54.0,389,97127.818959
46.0,81,97128.468627
51.0,1226,97432.753092
49.0,2000,97724.388479
44.0,612,97729.441494
78.0,128,97730.385282
20.0,2000,98045.264726
75.0,295,98047.573098
51.0,581,98334.248993
40.0,1077,98344.535465
-8.0,74,98345.191149
74.0,544,98625.251464
61.0,242,98626.938948
30.0,2000,98917.264478
58.0,97,98918.083391
57.0,2000,99242.740832
10.0,2000,99544.879071
54.0,380,99547.474071
46.0,440,99559.505532
44.0,1539,99881.955158
59.0,1691,100159.881401
40.0,82,100160.532659
81.0,155,100161.843489
39.0,2000,100460.261525
59.0,1672,100774.049398
52.0,652,100779.64773
60.0,296,100782.417231
45.0,2000,101083.880999
63.0,86,101084.504659
69.0,241,101086.495528
35.0,336,101089.744141
35.0,1585,101363.464012
57.0,698,101369.35259
40.0,222,101650.956095
28.0,195,101652.544641
51.0,204,101654.525717
64.0,189,101656.157641
48.0,886,101663.53379
60.0,850,102107.220695
59.0,528,102116.348729
64.0,246,102120.511333
36.0,103,102122.297101
65.0,2000,102414.157836
55.0,275,102416.354037
57.0,652,102685.64847
51.0,272,102688.261666
59.0,90,102688.932073
49.0,1814,102962.507047
54.0,1493,102974.893202
59.0,76,102975.580169
46.0,108,102976.503068
25.0,507,103246.440886
42.0,83,103247.013018
49.0,112,103247.872791
57.0,363,103250.63486
67.0,432,103254.248854
23.0,527,103258.303787
46.0,797,103529.204008
57.0,716,103552.271988
60.0,1112,103840.256632
58.0,94,103840.95741
74.0,177,103842.650151
55.0,155,103844.031535
73.0,1070,103852.488799
53.0,60,103852.881342
63.0,86,103853.597536
73.0,205,104110.799223
50.0,599,104115.789409
43.0,2000,104398.102013
32.0,417,104401.795001
49.0,2000,104669.087763
54.0,70,104669.602036
47.0,972,104925.602936
46.0,2000,104986.869874
68.0,243,105260.064955
56.0,607,105265.472362
65.0,211,105267.302238
63.0,101,105268.123433
51.0,577,105272.990088
66.0,114,105274.323949
62.0,73,105274.955869
64.0,475,105544.242955
76.0,85,105544.934259
37.0,1170,105555.04701
55.0,145,105556.535638
68.0,165,105557.896888
60.0,1713,105832.542791
58.0,190,105834.324671
75.0,69,105834.813619
60.0,97,105835.648032
69.0,574,106103.451013
45.0,75,106104.082276
77.0,1494,106117.345889
58.0,171,106364.22678
40.0,880,106371.428322
60.0,190,106372.983187
59.0,86,106373.646642
58.0,279,106380.594511
42.0,316,106383.422632
58.0,50,106383.900438
58.0,325,106634.97693
68.0,127,106636.044564
49.0,511,106640.278393
63.0,103,106641.128497
70.0,227,106642.911306
49.0,54,106643.379902
65.0,453,106647.052191
49.0,369,106950.825336
60.0,2000,106966.709484
49.0,94,107215.158019
54.0,60,107215.58614
53.0,132,107216.699203
56.0,89,107217.430912
68.0,90,107218.185539
13.0,2000,107537.182223
34.0,313,107539.946367
64.0,2000,107813.42834
68.0,132,107814.55771
75.0,807,107821.584239
48.0,2000,108112.651872
26.0,2000,108355.526171
53.0,2000,108651.51839
36.0,522,108655.419679
63.0,68,108655.94015
35.0,2000,108983.162946
66.0,180,109285.293917
44.0,1005,109294.46148
13.0,643,109299.490282
59.0,141,109300.864087
74.0,110,109301.778381
13.0,245,109585.397927
44.0,294,109588.18238
60.0,93,109588.911483
79.0,61,109589.48767
38.0,114,109590.469958
70.0,712,109597.606221
37.0,67,109598.275872
40.0,2000,109930.692412
59.0,56,109931.192793
53.0,1707,110201.325289
81.0,56,110201.821625
48.0,1999,110485.190262
55.0,574,110490.084054
52.0,434,110753.79899
65.0,274,110756.402856
60.0,514,110761.601124
60.0,291,110763.841307
45.0,281,110766.02329
78.0,66,110766.511115
55.0,236,110768.132246
57.0,68,110768.800622
64.0,2000,111058.712901
44.0,192,111320.83727
61.0,2000,111337.851071
59.0,182,111611.168499
77.0,405,111614.319567
28.0,126,111615.383412
45.0,137,111616.804471
56.0,321,111619.12125
76.0,57,111619.609962
81.0,1000,111919.549536
48.0,772,111926.172078
67.0,159,111927.180331
32.0,103,111928.042652
61.0,364,111931.29831
24.0,233,111933.91141
35.0,932,112241.404443
71.0,290,112244.113812
21.0,2000,112546.999342
60.0,60,112547.447604
24.0,208,112549.158536
64.0,523,112553.817522
45.0,1277,112822.928756
60.0,275,112825.18334
60.0,254,112827.317043
78.0,1510,113124.113708
44.0,582,113129.371766
60.0,229,113131.207088
66.0,487,113423.10326
39.0,212,113424.807703
70.0,120,113426.075828
64.0,81,113426.62025
33.0,70,113427.124367
42.0,2000,113757.756886
59.0,2000,114043.846668
30.0,59,114044.384191
45.0,2000,114340.484296
64.0,313,114342.684955
69.0,109,114343.574328
55.0,83,114344.327367
30.0,138,114345.408465
48.0,61,114345.985887
60.0,182,114347.872697
55.0,78,114348.578704
45.0,904,114639.119724
30.0,170,114640.471821
41.0,809,114647.131574
55.0,196,114648.713714
39.0,136,114649.871988
70.0,2000,114929.696463
40.0,2000,115235.233225
80.0,119,115236.155058
60.0,1722,115521.139467
58.0,600,115526.266062
59.0,511,115825.865619
55.0,364,115828.947681
60.0,338,115832.075991
51.0,917,116091.698898
64.0,195,116093.124917
54.0,482,116096.745335
68.0,2000,116384.886193
68.0,156,116385.99527
45.0,73,116386.495741
44.0,701,116399.128329
64.0,150,116400.315945
63.0,1791,116669.152662
58.0,569,116674.043229
38.0,112,116951.243584
46.0,1363,116965.249924
60.0,102,116965.951619
53.0,54,116966.326753
50.0,60,116966.751305
65.0,393,117219.686176
69.0,1844,117270.539949
48.0,227,117547.477525
65.0,69,117547.994617
65.0,733,117554.082053
53.0,2000,117857.150437
70.0,112,117858.068012
59.0,77,117858.591962
64.0,690,117863.797253
37.0,356,117866.849107
34.0,2000,118133.622174
51.0,346,118400.634036
30.0,479,118404.357911
29.0,356,118406.958946
25.0,32,118407.182004
60.0,127,118408.124509
49.0,1830,118677.017246
43.0,80,118677.575459
60.0,59,118678.098786
47.0,169,118679.324989
35.0,94,118680.168561
73.0,610,118954.422911
70.0,101,118955.3448
84.0,146,118956.585554
53.0,162,118957.670711
0.0,60,118958.148222
61.0,49,118958.835303
25.0,438,118962.345134
49.0,1302,119238.119006
50.0,1190,119248.383828
73.0,53,119249.205226
57.0,586,119544.118508
86.0,177,119545.572046
5.0,29,119545.942169
69.0,358,119549.256798
69.0,87,119549.971485
55.0,86,119550.724135
58.0,961,119559.301412
29.0,2000,119852.509891
57.0,68,119853.11252
54.0,322,120154.410211
47.0,93,120155.309864
75.0,773,120162.214809
44.0,58,120162.765216
44.0,138,120164.058874
40.0,205,120169.371886
69.0,121,120170.652312
52.0,598,120175.689344
62.0,236,120444.355451
55.0,701,120450.192698
55.0,1088,120458.592914
38.0,2000,120749.559817
49.0,156,121037.542388
49.0,111,121038.316765
64.0,938,121046.151508
54.0,1164,121375.196691
45.0,533,121379.998467
69.0,64,121380.495907
62.0,81,121381.157153
44.0,419,121384.991489
70.0,1328,121706.920194
55.0,219,121708.677657
39.0,303,121711.133346
64.0,161,121712.426033
44.0,2000,121997.299641
50.0,2000,122291.31723
50.0,570,122295.720286
45.0,332,122557.457749
69.0,130,122558.431345
63.0,613,122563.152161
64.0,132,122564.057197
66.0,515,122568.498885
63.0,150,122569.441169
61.0,814,122865.076921
53.0,2000,123136.384483
55.0,440,123140.304751
35.0,255,123170.869378
64.0,2000,123475.191478
52.0,94,123475.91713
70.0,161,123477.067966
37.0,146,123478.079793
60.0,111,123478.826568
15.0,87,123479.468134
49.0,129,123480.392622
39.0,170,123482.002177
67.0,1577,123760.254946
59.0,193,123761.539158
60.0,188,123762.889795
46.0,120,123763.964105
41.0,181,123765.257058
61.0,86,124032.470305
60.0,99,124033.17186
30.0,45,124033.479571
69.0,237,124035.141577
76.0,223,124095.833433
36.0,63,124096.539273
49.0,402,124100.201988
45.0,497,124104.592752
38.0,598,124388.423329
48.0,1880,124703.184655
36.0,143,124704.24578
15.0,2000,125014.021688
58.0,169,125015.280744
63.0,242,125017.012671
59.0,93,125017.899678
46.0,135,125018.978714
64.0,223,125020.668903
50.0,151,125021.978974
35.0,493,125026.599638
73.0,153,125027.927438
54.0,116,125028.931437
53.0,157,125030.215985
57.0,554,125349.473182
53.0,185,125350.863166
60.0,2000,125674.243678
60.0,70,125674.729468
65.0,67,125675.345902
46.0,138,125676.372613
45.0,773,125682.755576
49.0,77,125683.574272
60.0,1349,125978.253717
45.0,240,125980.192232
64.0,491,125984.293754
75.0,656,126250.740002
63.0,575,126255.350784
40.0,2000,126540.651343
24.0,2000,126827.395925
72.0,219,126829.137546
47.0,798,126835.858295
53.0,2000,127168.130756
43.0,82,127168.814602
69.0,115,127439.047435
51.0,2000,127777.906782
52.0,898,127815.119292
64.0,225,127818.061598
65.0,345,127820.929824
39.0,380,127824.055178
55.0,217,128095.616636
55.0,77,128096.605895
59.0,387,128194.853214
54.0,2000,128470.603518
43.0,84,128471.213652
46.0,1622,128760.945684
78.0,105,128761.787187
45.0,304,128764.278117
63.0,85,128765.006855
39.0,1453,128776.85545
31.0,101,129051.123766
59.0,134,129052.201494
60.0,69,129052.775507
40.0,2000,129365.384039
58.0,64,129365.85301
69.0,86,129366.58478
67.0,207,129378.396252
46.0,106,129379.203693
65.0,405,129382.825687
77.0,76,129383.462057
54.0,942,129654.957679
69.0,567,129659.923364
64.0,185,129662.34461
40.0,892,129669.980169
53.0,149,129671.481286
45.0,86,129672.374475
71.0,76,129673.431191
87.0,72,129943.19521
45.0,64,129943.683546
39.0,2000,130273.311502
55.0,58,130273.850647
55.0,79,130274.649984
46.0,527,130280.827787
50.0,240,130282.888491
29.0,80,130283.561066
40.0,2000,130589.231442
55.0,1428,130855.723305
49.0,140,130856.761108
69.0,191,130858.430168
68.0,303,130860.602303
64.0,193,130862.154545
44.0,87,130862.818215
55.0,1560,131186.430552
66.0,179,131187.825601
68.0,115,131188.883995
74.0,917,131196.301898
38.0,2000,131473.387451
60.0,804,131793.083928
74.0,2000,132045.698007
43.0,232,132047.533464
38.0,513,132051.346224
56.0,316,132054.134496
49.0,95,132054.880318
64.0,139,132055.997276
59.0,366,132337.212185
62.0,99,132338.232447
30.0,64,132338.726039
59.0,128,132339.790638
51.0,450,132343.262174
68.0,127,132344.384607
68.0,69,132344.964809
50.0,248,132347.371466
59.0,2000,132613.580411
53.0,2000,132918.086073
50.0,305,132920.748005
74.0,203,132922.523562
58.0,101,132923.443429
32.0,54,133194.178288
44.0,485,133198.207813
55.0,2000,133482.929315
55.0,322,133485.382466
65.0,433,133488.656966
65.0,481,133493.092021
38.0,1205,133768.921937
65.0,660,133774.480614
39.0,2000,134060.071612
16.0,113,134061.071718
30.0,2000,134383.418294
78.0,110,134384.274398
73.0,109,134385.131188
45.0,360,134654.382168
69.0,496,134658.597204
59.0,1678,134950.157005
40.0,123,134951.020242
73.0,1240,134985.694023
41.0,2000,135262.946117
60.0,1102,135523.284273
59.0,199,135525.006813
20.0,46,135525.343641
52.0,368,135528.842921
45.0,218,135530.51056
60.0,95,135531.410226
50.0,2000,135819.481969
68.0,939,136082.160869
48.0,174,136083.531162
59.0,197,136085.129423
48.0,446,136089.110038
76.0,210,136090.828789
70.0,70,136091.358594
69.0,84,136092.081758
52.0,387,136095.533167
59.0,83,136096.181725
30.0,2000,136377.549688
35.0,107,136378.277534
68.0,1520,136646.735318
5.0,2000,136945.132068
84.0,555,136949.655922
74.0,148,137226.400014
60.0,813,137233.784055
55.0,124,137237.368755
39.0,128,137238.573785
55.0,388,137241.871684
47.0,661,137528.939939
34.0,405,137532.605458
67.0,450,137536.088756
59.0,456,137539.94523
53.0,75,137540.72036
43.0,2000,137841.932201
62.0,883,138135.912246
49.0,2000,138426.824664
49.0,2000,138715.549121
70.0,404,138719.66086
69.0,322,138722.345678
51.0,982,138731.537998
69.0,80,138732.312629
54.0,193,138971.343195
45.0,502,138975.610171
55.0,86,138976.27721
23.0,271,138978.565293
54.0,179,138980.054086
50.0,236,138982.325045
50.0,1684,139231.084922
54.0,208,139232.917572
53.0,257,139234.518254
53.0,180,139235.801558
37.0,412,139502.87658
63.0,966,139510.372482
39.0,1177,139742.865348
55.0,1188,139753.069671
50.0,107,139753.801599
54.0,145,139755.140189
60.0,127,139756.32585
48.0,979,140027.289788
54.0,2000,140298.42946
69.0,396,140301.207891
29.0,1396,140549.780479
58.0,66,140550.28243
54.0,2000,140833.673606
60.0,2000,141111.879899
45.0,73,141112.516465
69.0,222,141114.656986
65.0,257,141117.283619
55.0,116,141118.739758
46.0,324,141121.957617
57.0,131,141123.375748
47.0,67,141124.046228
50.0,652,141359.010028
37.0,646,141363.058073
63.0,2000,141600.083503
83.0,85,141601.034954
54.0,398,141604.156538
39.0,1008,141878.333136
53.0,347,141880.761637
5.0,179,141882.157779
58.0,694,141893.346167
45.0,174,141894.599127
25.0,63,141895.015936
63.0,1254,142138.252649
55.0,425,142140.956671
70.0,2000,142404.13062
64.0,399,142407.317577
50.0,92,142408.269433
44.0,2000,142664.052654
75.0,1169,142917.421357
47.0,95,142918.199767
44.0,122,142919.189648
80.0,376,142922.266199
