#{"t_start": 1673971532.9941094, "env_id": "sokoban-turtle-v0"}
r,l,t
-1.0,42,4.320243
-4.0,62,4.733742
-10.0,37,4.964047
4.0,42,5.24467
0.0,54,5.587979
-1.0,33,5.79359
6.0,49,6.109595
-31.0,48,6.446678
6.0,40,6.727711
-13.0,40,7.015254
19.0,39,7.269303
-21.0,53,7.632225
-16.0,46,7.967273
-12.0,36,8.227291
-3.0,49,8.560866
-5.0,43,8.890912
-23.0,34,9.122831
-15.0,39,9.360896
-17.0,54,9.681408
-2.0,35,9.893384
-18.0,44,10.181801
1.0,41,10.46892
-2.0,43,14.337487
-2.0,43,14.604863
-6.0,47,14.924969
-3.0,36,15.163104
3.0,48,15.474768
-19.0,42,15.794322
-8.0,47,16.125051
-3.0,39,16.402101
9.0,40,16.665528
0.0,39,16.953903
3.0,49,17.309781
-2.0,50,17.623882
17.0,33,17.847375
-15.0,37,18.107999
-3.0,58,18.480778
-6.0,53,18.823977
-1.0,43,19.106251
5.0,45,19.389989
1.0,36,19.609376
15.0,39,19.862093
-19.0,33,20.085326
-14.0,38,20.328352
14.0,33,20.529281
2.0,42,20.78073
-17.0,60,21.284281
9.0,41,243.365657
12.0,37,243.672667
-9.0,37,243.937438
5.0,45,244.274621
-14.0,41,244.587431
17.0,49,244.93307
10.0,46,245.244203
23.0,69,245.759314
8.0,51,246.125582
7.0,52,246.526795
-2.0,33,246.746616
-4.0,46,247.050211
8.0,49,247.398403
23.0,40,247.694846
7.0,42,247.978787
6.0,49,248.300895
7.0,36,248.564659
12.0,49,248.89554
14.0,32,249.120507
8.0,42,249.390811
-10.0,38,249.665681
1.0,44,254.365006
-8.0,37,254.679081
14.0,52,255.050918
8.0,54,255.461375
1.0,33,255.697004
5.0,44,256.06465
-14.0,39,256.328307
-14.0,35,256.573778
8.0,58,256.999242
-5.0,30,257.211385
-1.0,52,257.550987
-7.0,46,257.844392
16.0,52,258.202556
8.0,53,258.537416
1.0,43,258.833559
-17.0,39,259.113536
1.0,53,259.500928
14.0,49,259.875212
-6.0,39,260.160536
-2.0,39,260.455775
-4.0,55,260.848753
-4.0,44,261.163802
13.0,44,261.449079
4.0,36,261.776278
3.0,41,262.032425
-4.0,46,483.406382
19.0,38,483.674386
2.0,58,484.080342
-8.0,43,484.380882
3.0,46,484.686646
5.0,45,485.014115
-8.0,43,485.309684
7.0,46,485.65192
-3.0,36,485.924388
15.0,41,486.249684
11.0,45,486.587111
5.0,56,487.020974
21.0,44,487.31423
16.0,46,487.650292
18.0,41,487.976454
8.0,40,488.246478
9.0,52,488.594289
23.0,35,488.833273
8.0,37,489.079877
12.0,34,489.287803
5.0,50,489.614213
-7.0,48,494.237923
8.0,45,494.654125
11.0,45,495.02315
6.0,50,495.419682
11.0,36,495.728849
17.0,59,496.190333
2.0,40,496.52194
4.0,48,496.91035
18.0,55,497.3291
0.0,45,497.653281
-11.0,38,497.939739
15.0,43,498.27292
-6.0,39,498.561459
5.0,44,498.897417
7.0,41,499.211283
9.0,50,499.584568
7.0,46,499.916845
14.0,51,500.289381
-10.0,34,500.549611
-1.0,50,500.886572
-8.0,53,501.247937
7.0,42,501.563498
8.0,45,506.197656
11.0,51,506.564785
6.0,30,506.760516
1.0,46,737.250864
7.0,41,737.573217
6.0,44,737.885325
19.0,41,738.171776
-16.0,52,738.539339
10.0,49,738.869948
3.0,65,739.326102
5.0,34,739.546745
17.0,55,739.909321
11.0,40,740.182004
-7.0,41,740.46076
13.0,48,740.78845
13.0,44,741.103504
16.0,61,741.529217
12.0,42,741.82882
23.0,44,742.1247
27.0,33,742.348142
5.0,44,742.645626
12.0,42,742.938807
6.0,46,748.857095
7.0,50,749.224117
18.0,37,749.523237
14.0,40,749.798721
25.0,44,750.143112
-4.0,35,750.379264
3.0,42,750.665999
-1.0,29,750.889224
-12.0,49,751.325755
4.0,48,751.772372
6.0,64,752.292566
-2.0,33,752.598554
13.0,38,752.894018
27.0,50,753.273944
19.0,45,753.620924
0.0,46,753.972928
-1.0,52,754.35391
9.0,65,754.819001
0.0,41,755.115537
5.0,44,755.425937
22.0,54,755.854419
9.0,47,756.183337
21.0,52,756.682578
4.0,64,757.111413
13.0,39,757.376431
8.0,42,757.658058
-7.0,47,973.947314
1.0,42,974.239419
17.0,51,974.628739
7.0,46,974.95905
16.0,48,975.26845
15.0,40,975.576378
4.0,45,975.898375
-1.0,44,976.211489
16.0,54,976.566888
10.0,48,976.884322
9.0,35,977.114038
10.0,37,977.375
5.0,41,977.690614
19.0,34,977.972934
7.0,36,978.256403
4.0,54,978.647326
13.0,40,978.968403
5.0,38,979.292834
12.0,51,984.037212
20.0,42,984.344868
6.0,48,984.681991
25.0,41,984.959157
5.0,39,985.208804
6.0,43,985.475753
16.0,44,985.771109
13.0,45,986.048585
16.0,51,986.387056
10.0,42,986.681693
-2.0,39,987.009891
5.0,65,987.462232
14.0,47,987.789229
12.0,39,988.027808
9.0,45,988.359077
2.0,57,988.832271
10.0,48,989.205539
16.0,50,989.580483
7.0,37,989.83813
0.0,39,990.116498
13.0,31,990.331992
1.0,51,990.707062
11.0,41,990.995903
-4.0,47,991.453318
3.0,39,991.736465
13.0,43,992.045385
25.0,47,992.371988
6.0,53,992.766783
22.0,49,1220.453559
10.0,48,1220.756518
18.0,54,1221.080314
2.0,51,1221.359724
23.0,40,1221.588961
25.0,52,1221.904103
13.0,58,1222.248175
15.0,41,1222.501703
23.0,65,1222.92006
5.0,38,1223.157174
25.0,46,1223.443769
-4.0,37,1223.677306
21.0,64,1224.09128
15.0,37,1224.339157
2.0,68,1224.767228
11.0,44,1228.735489
30.0,52,1229.031122
0.0,55,1229.35365
10.0,47,1229.640295
13.0,40,1229.874892
19.0,42,1230.116088
18.0,40,1230.342265
20.0,56,1230.665023
14.0,36,1230.870965
13.0,53,1231.174438
8.0,51,1231.47528
11.0,51,1231.799882
11.0,41,1232.060114
15.0,52,1232.368505
13.0,49,1232.659677
6.0,57,1232.987644
24.0,42,1233.228377
30.0,42,1233.45306
21.0,43,1233.713124
22.0,41,1233.951468
11.0,49,1234.240514
15.0,44,1234.507415
16.0,67,1238.620859
1.0,48,1238.892044
10.0,48,1239.185261
21.0,44,1239.464679
14.0,45,1239.758051
5.0,40,1481.911384
28.0,48,1482.33194
21.0,29,1482.54482
15.0,41,1482.833951
8.0,44,1483.137967
13.0,50,1483.488041
20.0,49,1483.838385
30.0,51,1484.229281
14.0,50,1484.602278
20.0,42,1484.922607
20.0,57,1485.345722
30.0,44,1485.6695
33.0,54,1486.055196
11.0,52,1486.438525
19.0,42,1486.759457
22.0,37,1487.035491
20.0,43,1492.022113
26.0,42,1492.28446
21.0,46,1492.566586
10.0,46,1492.852848
8.0,52,1493.16459
25.0,44,1493.42428
25.0,51,1493.738285
16.0,44,1494.014198
31.0,62,1494.380892
15.0,42,1494.628502
49.0,43,1494.879838
16.0,64,1495.255329
-4.0,39,1495.493854
8.0,56,1495.849865
10.0,37,1496.086132
16.0,46,1496.37034
-1.0,56,1496.773131
2.0,61,1497.134796
18.0,63,1497.522204
13.0,54,1497.842748
3.0,55,1498.294088
13.0,64,1498.659697
18.0,48,1498.940862
18.0,62,1499.322039
11.0,62,1499.698289
20.0,36,1499.911858
28.0,43,1705.189322
19.0,57,1705.584259
26.0,50,1705.911776
32.0,48,1706.220171
8.0,45,1706.514124
10.0,43,1706.78416
17.0,31,1706.98565
13.0,49,1707.317308
17.0,43,1707.611566
16.0,35,1707.848818
22.0,48,1708.168164
27.0,54,1708.534932
9.0,33,1708.759252
12.0,41,1709.035804
26.0,44,1709.313027
23.0,50,1714.363441
29.0,57,1714.756774
43.0,47,1715.064917
4.0,44,1715.344592
5.0,39,1715.578753
25.0,44,1715.831651
15.0,43,1716.120492
3.0,58,1716.507585
13.0,47,1716.801617
19.0,46,1717.081394
20.0,43,1717.353073
16.0,44,1717.622014
5.0,46,1717.932379
28.0,51,1718.248482
22.0,42,1718.524106
4.0,40,1718.827854
29.0,45,1719.163713
22.0,78,1719.718897
20.0,51,1720.055535
17.0,49,1720.352922
40.0,38,1720.587531
5.0,47,1725.680491
32.0,62,1726.104732
34.0,50,1726.435402
25.0,53,1726.772773
13.0,49,1727.088562
40.0,51,1727.415796
26.0,55,1727.736122
14.0,40,1728.011597
21.0,53,1962.861541
58.0,56,1963.218978
37.0,52,1963.53116
21.0,53,1963.859158
25.0,41,1964.086871
40.0,60,1964.420724
22.0,36,1964.619699
37.0,48,1964.883795
29.0,55,1965.183754
21.0,40,1965.40711
22.0,42,1965.635803
24.0,39,1965.872619
18.0,48,1966.149597
10.0,35,1970.134223
19.0,35,1970.358189
20.0,37,1970.597806
35.0,54,1970.956647
28.0,58,1971.340051
5.0,61,1971.737941
21.0,56,1972.082127
16.0,46,1972.373032
4.0,49,1972.691779
26.0,45,1972.999717
30.0,59,1973.339386
42.0,61,1973.711639
-1.0,54,1974.035427
35.0,59,1974.362387
30.0,46,1974.622185
41.0,51,1974.90313
18.0,55,1975.207377
31.0,49,1975.480701
11.0,44,1975.74341
32.0,67,1976.276485
21.0,42,1976.530325
45.0,56,1976.875878
8.0,35,1977.09327
-5.0,45,1977.367795
25.0,53,1977.699768
10.0,47,1977.988372
19.0,73,1978.435548
17.0,52,1978.786117
35.0,54,2191.910133
12.0,40,2192.21723
42.0,42,2192.531467
30.0,51,2192.886119
35.0,50,2193.259384
15.0,45,2193.559116
38.0,63,2193.997982
14.0,56,2194.41253
44.0,52,2194.785395
24.0,46,2195.103153
22.0,58,2195.547319
21.0,63,2200.879269
21.0,55,2201.349766
22.0,50,2201.716843
16.0,40,2202.028243
43.0,53,2202.414066
11.0,47,2202.785236
25.0,42,2203.069798
33.0,59,2203.530528
56.0,48,2203.837452
45.0,39,2204.104134
17.0,43,2204.414345
30.0,54,2204.790581
32.0,55,2205.199955
28.0,64,2205.632277
10.0,40,2205.89609
41.0,53,2206.219631
31.0,42,2206.499744
15.0,42,2206.808687
11.0,59,2207.192137
19.0,36,2207.429056
44.0,47,2212.573366
15.0,54,2212.964581
21.0,44,2213.241487
24.0,45,2213.523454
22.0,37,2213.779765
28.0,60,2214.140691
5.0,51,2214.452175
26.0,63,2214.83127
21.0,56,2215.207331
31.0,60,2215.614495
45.0,53,2446.158063
12.0,50,2446.545649
25.0,50,2446.916394
14.0,55,2447.314865
36.0,47,2447.660615
23.0,55,2448.067638
23.0,55,2448.464035
44.0,52,2448.845485
35.0,48,2449.197961
23.0,45,2449.51708
42.0,49,2454.142663
42.0,49,2454.544502
33.0,57,2454.94633
36.0,52,2455.296254
18.0,36,2455.574607
17.0,36,2455.842549
27.0,43,2456.151766
25.0,38,2456.444583
5.0,46,2456.792471
20.0,54,2457.196052
7.0,64,2457.685993
17.0,50,2458.043592
10.0,49,2458.429034
24.0,46,2458.76637
4.0,37,2459.067326
16.0,41,2459.477636
29.0,47,2459.884737
22.0,46,2460.32179
15.0,59,2460.875416
40.0,42,2461.149947
42.0,47,2461.493799
28.0,49,2466.029441
26.0,51,2466.445618
41.0,59,2466.906087
26.0,57,2467.328297
27.0,58,2467.728468
14.0,54,2468.115654
11.0,49,2468.516322
27.0,65,2468.99049
46.0,61,2469.439576
27.0,54,2706.431924
24.0,44,2706.762475
41.0,54,2707.13552
18.0,44,2707.426547
21.0,50,2707.768051
34.0,43,2708.092855
29.0,44,2708.397007
48.0,57,2708.779471
38.0,45,2709.102228
31.0,65,2709.602704
26.0,64,2716.874218
29.0,46,2717.206683
42.0,46,2717.524335
20.0,53,2717.897743
37.0,54,2718.293636
30.0,69,2718.806411
43.0,48,2719.165825
28.0,52,2719.575182
15.0,54,2720.101077
5.0,53,2720.498883
43.0,66,2720.955957
26.0,73,2721.504611
46.0,51,2721.873451
30.0,53,2722.278576
24.0,39,2722.655493
48.0,62,2723.22993
8.0,39,2723.554936
30.0,63,2724.062717
30.0,50,2724.620483
44.0,56,2725.061858
28.0,45,2725.430925
17.0,56,2725.871733
21.0,51,2726.319418
24.0,36,2726.594148
20.0,45,2726.96669
14.0,48,2727.336034
42.0,46,2727.683715
25.0,40,2727.998676
31.0,47,2728.392936
24.0,54,2728.821265
22.0,63,2971.62122
34.0,45,2971.949203
31.0,57,2972.367389
29.0,61,2972.79199
34.0,51,2973.153844
39.0,50,2973.558339
10.0,57,2974.019447
41.0,52,2974.394908
23.0,61,2980.419622
27.0,57,2980.881705
23.0,49,2981.281266
8.0,49,2981.634246
33.0,76,2982.236461
29.0,63,2982.707557
27.0,52,2983.115324
36.0,50,2983.55384
25.0,46,2983.905779
54.0,43,2984.220533
7.0,39,2984.482975
26.0,51,2984.855374
34.0,60,2985.282632
23.0,45,2985.585402
31.0,52,2985.981533
30.0,60,2986.417515
36.0,59,2986.850128
33.0,47,2987.206517
33.0,69,2987.941819
32.0,52,2988.363773
22.0,65,2988.866485
5.0,65,2989.351908
20.0,58,2989.797204
19.0,52,2990.227082
32.0,56,2990.61753
43.0,47,2990.949219
19.0,51,2991.326158
40.0,59,2991.80432
22.0,59,2992.271114
7.0,56,2992.694139
31.0,58,3220.661873
40.0,61,3221.090371
36.0,63,3221.541569
43.0,55,3221.920133
40.0,70,3222.421404
20.0,38,3222.661319
40.0,61,3227.779053
40.0,65,3228.286877
38.0,67,3228.765311
43.0,57,3229.169523
53.0,66,3229.654151
29.0,42,3229.951353
6.0,63,3230.391556
36.0,55,3230.779135
49.0,56,3231.223034
36.0,60,3231.665941
43.0,47,3231.989157
69.0,63,3232.469355
49.0,53,3232.847109
26.0,86,3233.509446
34.0,57,3233.972146
48.0,60,3234.390212
38.0,60,3234.85657
19.0,69,3235.539852
36.0,45,3235.910913
25.0,53,3236.310385
32.0,58,3236.775776
29.0,49,3237.179879
44.0,59,3237.649743
31.0,55,3238.100596
44.0,47,3238.54814
36.0,51,3238.925898
49.0,58,3239.326009
22.0,46,3239.650513
28.0,93,3240.308422
29.0,84,3475.043175
49.0,51,3475.381257
40.0,61,3475.786942
43.0,53,3476.144861
18.0,57,3476.540995
35.0,54,3482.581644
18.0,65,3483.045878
42.0,97,3483.719265
18.0,61,3484.193368
23.0,58,3484.616561
38.0,56,3485.04759
30.0,63,3485.512001
34.0,55,3485.934723
38.0,54,3486.337407
29.0,51,3486.709439
42.0,81,3487.329427
53.0,46,3487.679126
57.0,61,3488.12903
31.0,62,3488.554255
25.0,70,3489.044028
11.0,61,3489.508442
35.0,53,3495.500104
50.0,46,3495.81348
44.0,79,3496.328634
53.0,59,3496.717955
37.0,52,3497.061619
46.0,55,3497.422881
57.0,70,3497.891832
28.0,49,3498.212471
48.0,61,3498.653572
41.0,46,3502.11331
50.0,62,3502.594524
34.0,54,3502.99421
32.0,66,3503.455955
37.0,65,3720.656352
36.0,64,3721.212242
12.0,40,3721.497182
47.0,70,3722.022958
57.0,58,3728.162128
50.0,84,3728.768855
30.0,47,3729.063589
48.0,59,3729.435323
16.0,54,3729.778558
46.0,59,3730.159414
30.0,47,3730.462669
41.0,71,3730.974069
55.0,73,3731.443715
28.0,71,3731.986905
45.0,74,3732.462744
61.0,81,3732.995492
58.0,45,3733.296411
19.0,87,3733.849586
24.0,61,3734.244254
62.0,58,3734.627844
53.0,70,3735.244819
20.0,48,3735.572735
34.0,62,3735.976257
38.0,69,3736.411092
41.0,69,3736.883412
30.0,46,3737.200747
42.0,62,3737.60642
42.0,74,3738.151309
29.0,63,3738.55461
30.0,66,3738.956024
38.0,72,3739.472966
35.0,70,3739.928353
55.0,57,3974.907114
28.0,58,3975.359087
35.0,64,3975.805452
55.0,81,3976.525369
56.0,58,3976.927371
37.0,63,3977.427783
39.0,48,3977.781328
41.0,75,3978.358363
45.0,54,3978.760675
30.0,50,3979.128233
38.0,55,3979.520384
26.0,52,3979.864597
59.0,59,3980.2517
34.0,67,3980.688856
40.0,54,3981.043465
32.0,82,3981.571666
34.0,89,3982.177045
25.0,92,3982.804133
64.0,64,3983.2199
20.0,81,3988.526882
47.0,62,3988.962744
12.0,110,3989.653741
53.0,78,3990.145423
35.0,54,3990.465975
31.0,71,3990.926835
24.0,64,3991.333002
48.0,66,3991.724014
28.0,61,3992.125043
51.0,73,3992.673203
70.0,52,3993.088258
56.0,52,3993.488717
64.0,66,4199.271302
43.0,44,4199.571061
48.0,57,4199.969692
21.0,71,4205.4663
46.0,85,4206.010361
52.0,87,4206.583193
33.0,64,4206.975066
32.0,64,4207.393065
44.0,83,4207.940167
32.0,62,4208.33281
37.0,59,4208.720383
32.0,55,4209.054386
39.0,60,4209.407212
51.0,81,4209.926082
40.0,56,4210.285635
41.0,66,4210.736734
28.0,77,4211.299057
25.0,66,4211.880697
24.0,77,4212.428419
44.0,79,4212.92152
39.0,57,4213.279864
46.0,59,4213.636208
57.0,61,4214.022745
25.0,80,4214.556432
57.0,86,4215.115701
30.0,84,4215.698014
30.0,74,4216.115416
38.0,65,4216.538042
31.0,59,4216.946367
28.0,52,4217.306562
46.0,69,4442.970068
51.0,73,4443.459186
34.0,67,4450.399829
31.0,63,4450.811789
38.0,76,4451.310372
47.0,59,4451.945017
59.0,50,4452.256157
33.0,53,4452.586861
55.0,74,4453.081654
75.0,60,4453.467202
54.0,75,4454.00627
29.0,78,4454.516958
56.0,62,4454.920078
51.0,102,4455.629215
34.0,68,4456.087726
22.0,66,4456.539269
36.0,92,4457.370264
45.0,64,4457.778455
33.0,73,4458.380241
32.0,62,4458.756259
51.0,79,4459.299325
62.0,71,4460.207762
30.0,71,4460.742994
74.0,78,4461.284902
45.0,40,4461.570025
40.0,80,4462.141302
49.0,74,4462.74572
23.0,72,4463.315265
46.0,80,4463.822168
53.0,76,4686.858161
71.0,65,4693.492438
43.0,112,4695.800186
36.0,81,4696.388994
38.0,60,4696.797681
48.0,77,4697.324025
42.0,115,4698.216537
39.0,71,4698.762149
30.0,57,4699.188226
50.0,64,4708.082763
58.0,69,4708.63223
55.0,85,4711.58585
44.0,55,4711.999982
63.0,64,4712.467728
55.0,68,4712.895701
33.0,71,4719.038334
44.0,54,4719.976312
54.0,56,4720.371806
47.0,55,4720.775907
41.0,78,4721.592625
25.0,65,4721.990849
53.0,71,4723.900751
22.0,102,4725.368094
75.0,78,4725.860631
52.0,78,4726.358242
71.0,85,4726.86347
55.0,62,4727.327442
32.0,73,4727.791205
27.0,58,4954.949272
51.0,74,4962.834949
59.0,59,4963.242262
44.0,125,4964.220815
53.0,67,4964.673166
36.0,90,4965.521012
32.0,106,4966.259164
50.0,116,4967.099731
50.0,67,4967.604674
59.0,71,4968.135313
68.0,71,4968.702649
54.0,120,4969.540456
28.0,68,4970.319898
46.0,97,4971.032176
42.0,90,4971.655998
57.0,99,4972.453832
52.0,64,4972.890804
61.0,76,4976.303787
45.0,90,4976.974385
48.0,60,4977.400899
47.0,53,4977.77457
40.0,93,4978.448475
52.0,117,4979.278279
71.0,91,4979.919018
48.0,78,5206.869032
48.0,97,5207.732949
66.0,69,5208.142873
41.0,95,5208.891631
55.0,76,5209.415143
65.0,77,5209.871362
54.0,99,5210.48851
37.0,89,5211.030478
59.0,57,5211.428138
57.0,98,5212.102596
45.0,112,5212.815641
59.0,72,5213.279754
47.0,94,5220.261354
52.0,91,5221.102546
55.0,73,5221.680035
45.0,51,5222.085413
42.0,61,5222.489596
29.0,64,5222.870622
26.0,74,5223.576077
43.0,82,5224.185616
58.0,65,5224.619407
22.0,74,5225.116025
36.0,94,5225.740596
45.0,87,5226.286734
43.0,85,5226.898281
39.0,69,5227.521563
45.0,85,5463.751111
45.0,75,5464.367947
66.0,72,5465.009633
60.0,55,5465.537892
54.0,77,5466.187906
47.0,93,5467.240612
49.0,65,5467.757009
46.0,74,5468.407418
51.0,88,5469.101069
57.0,64,5469.714343
42.0,88,5470.381995
35.0,54,5470.795193
40.0,81,5471.471074
53.0,133,5472.799784
51.0,72,5473.41816
47.0,68,5473.960401
53.0,120,5499.54133
49.0,101,5500.248066
49.0,101,5500.875768
53.0,75,5501.379019
62.0,95,5502.046063
27.0,67,5502.629994
45.0,85,5503.146953
64.0,53,5503.83319
41.0,74,5504.511724
44.0,114,5713.601164
70.0,93,5714.183325
57.0,86,5714.754858
42.0,76,5715.232507
39.0,177,5716.497155
49.0,99,5717.305926
64.0,85,5717.898057
48.0,146,5738.131174
41.0,129,5748.285998
46.0,69,5748.833406
48.0,83,5749.792195
52.0,69,5750.368471
54.0,125,5751.388038
48.0,54,5751.825275
58.0,114,5752.710445
58.0,63,5755.979288
55.0,75,5756.561499
43.0,115,5757.465377
52.0,82,5758.161857
44.0,71,5758.898005
81.0,70,5759.548823
36.0,113,5761.292804
63.0,79,5990.319661
57.0,56,5990.721061
50.0,74,5991.276271
52.0,79,5991.863452
59.0,84,5992.476675
45.0,65,5992.923249
55.0,67,5993.329684
33.0,178,5994.613529
38.0,105,5995.357955
65.0,88,6004.088852
46.0,74,6004.631438
40.0,72,6005.081418
45.0,106,6005.808062
40.0,76,6006.272313
22.0,158,6007.346115
66.0,82,6007.961684
55.0,64,6008.363667
43.0,95,6009.024731
66.0,62,6009.524832
43.0,105,6010.301378
45.0,80,6010.919286
73.0,73,6011.551068
42.0,125,6012.382881
50.0,114,6231.512421
47.0,93,6232.228727
80.0,79,6232.751581
56.0,117,6233.533857
38.0,56,6233.863604
36.0,150,6234.755381
48.0,69,6235.203665
43.0,150,6236.332213
39.0,104,6237.152776
11.0,97,6237.801999
61.0,93,6263.971479
45.0,81,6264.788175
71.0,74,6265.343111
71.0,148,6292.75703
46.0,73,6332.580214
41.0,63,6333.1552
77.0,78,6355.665743
64.0,73,6356.166797
70.0,68,6356.634202
47.0,99,6358.049895
58.0,80,6358.661111
36.0,60,6359.068678
39.0,76,6598.195953
52.0,60,6598.660991
44.0,72,6599.240815
55.0,105,6599.98818
91.0,110,6600.824952
50.0,65,6601.3121
57.0,65,6601.767731
35.0,88,6602.399991
60.0,75,6602.936253
60.0,115,6604.195863
54.0,165,6605.527169
58.0,63,6606.171578
43.0,96,6607.069043
58.0,77,6607.776414
42.0,81,6608.343973
45.0,84,6608.988492
59.0,78,6609.783244
58.0,105,6610.638152
84.0,77,6611.392168
38.0,94,6612.236408
52.0,77,6613.207226
55.0,124,6614.392034
66.0,74,6615.22292
37.0,96,6851.430306
60.0,95,6852.286083
67.0,94,6853.291165
33.0,125,6854.280136
24.0,190,6857.199913
65.0,98,6857.856512
33.0,78,6858.592886
38.0,75,6875.043393
35.0,111,6900.757904
61.0,244,6903.415456
53.0,94,6904.23653
59.0,131,6905.208064
41.0,61,6905.655051
50.0,65,6913.30674
63.0,93,6914.312029
52.0,160,6916.141133
39.0,135,6917.470957
51.0,83,6918.24776
47.0,78,7149.532692
73.0,103,7150.453657
29.0,175,7151.62004
41.0,106,7152.29722
30.0,75,7152.71588
52.0,91,7153.328143
63.0,89,7154.459471
39.0,77,7155.198716
33.0,93,7156.005522
47.0,81,7156.825762
54.0,114,7158.212922
61.0,89,7158.813921
48.0,93,7159.708595
47.0,122,7160.666687
45.0,139,7161.751909
25.0,103,7162.488424
50.0,58,7162.875204
37.0,111,7163.812263
46.0,76,7164.510317
63.0,95,7190.49027
33.0,112,7191.381773
64.0,76,7426.860536
73.0,67,7427.340212
53.0,74,7427.826207
29.0,421,7687.933372
68.0,99,7688.985547
45.0,298,7691.640174
39.0,101,7692.539195
50.0,160,7694.597983
34.0,141,7696.392596
46.0,180,7708.409027
47.0,167,7719.443229
47.0,69,7719.992405
49.0,134,7721.251266
62.0,64,7721.874791
34.0,168,7958.175345
48.0,65,7958.546519
36.0,74,7959.016474
60.0,70,7959.466425
60.0,99,7960.117891
51.0,121,8045.530531
55.0,76,8054.86067
43.0,115,8055.824531
52.0,73,8056.488591
57.0,98,8058.329906
45.0,87,8058.889467
33.0,84,8059.522648
52.0,134,8060.896263
52.0,108,8061.737174
42.0,96,8062.444413
60.0,117,8063.53316
30.0,77,8064.174535
44.0,120,8065.581429
57.0,69,8067.783995
57.0,126,8068.703806
52.0,89,8069.283615
30.0,152,8306.702159
43.0,133,8308.317141
55.0,94,8309.157919
48.0,178,8310.755711
43.0,170,8312.191827
48.0,120,8313.190578
55.0,69,8313.948686
41.0,93,8314.86613
39.0,139,8315.925742
51.0,115,8316.974107
66.0,116,8317.966587
62.0,180,8330.498212
37.0,78,8331.090811
31.0,150,8337.641144
52.0,122,8342.233173
46.0,119,8343.074205
58.0,133,8575.150334
62.0,125,8576.668816
54.0,171,8597.299862
67.0,100,8598.443467
27.0,78,8619.670973
36.0,117,8620.676679
27.0,184,8622.221222
35.0,89,8622.94136
53.0,81,8625.35025
47.0,124,8635.600861
77.0,113,8636.507732
25.0,165,8637.732015
67.0,123,8639.003576
41.0,103,8646.050512
70.0,110,8646.938845
48.0,78,8647.481935
50.0,94,8648.292938
18.0,64,8662.333346
52.0,161,8874.739727
58.0,98,8875.721072
44.0,145,8877.055304
51.0,230,8881.950831
53.0,83,8882.674506
54.0,176,8909.971065
44.0,284,8912.716458
49.0,72,8913.280867
45.0,104,8914.280753
66.0,82,8914.939925
45.0,96,8915.802936
58.0,150,8916.843763
32.0,133,8917.744435
50.0,92,8918.342801
60.0,128,8919.546358
33.0,94,9150.850867
57.0,127,9205.680872
62.0,142,9207.001864
71.0,123,9219.021018
49.0,130,9221.544561
62.0,80,9222.130204
80.0,91,9223.021371
57.0,144,9224.024577
48.0,151,9225.215595
52.0,84,9226.106929
58.0,118,9226.839585
41.0,113,9257.947445
41.0,156,9286.823547
42.0,236,9288.907464
46.0,116,9289.794345
53.0,317,9524.194624
45.0,1059,9567.316953
43.0,100,9568.041456
59.0,186,9569.695582
54.0,109,9570.662365
47.0,151,9591.214287
72.0,167,9641.890128
43.0,208,9882.617053
72.0,155,9884.323278
44.0,106,9887.631363
46.0,112,9891.128476
50.0,196,9892.681713
65.0,143,9893.716681
47.0,102,9894.368668
69.0,67,9894.783205
70.0,121,9895.588971
63.0,126,9896.404548
73.0,96,9897.239557
52.0,357,9900.518505
33.0,239,9902.446409
47.0,120,9903.517024
55.0,92,10123.68567
60.0,56,10124.156096
39.0,90,10124.947176
42.0,142,10126.261807
48.0,67,10126.917073
55.0,225,10130.833572
56.0,341,10133.589894
31.0,141,10134.920656
47.0,256,10137.632031
56.0,87,10138.61464
60.0,109,10140.068692
67.0,199,10141.620459
66.0,111,10142.552868
68.0,124,10143.505363
27.0,1012,10388.203854
67.0,93,10389.316458
30.0,118,10390.478014
76.0,117,10391.391271
48.0,93,10392.7201
50.0,235,10429.372052
31.0,382,10462.131194
70.0,73,10699.17053
68.0,105,10705.228813
58.0,143,10706.523793
41.0,336,10709.517721
34.0,89,10710.236503
53.0,258,10711.964898
54.0,78,10712.597455
62.0,217,10746.380467
56.0,258,10819.838917
55.0,90,10820.73029
63.0,113,10821.799072
54.0,120,10822.811793
51.0,199,10824.378
68.0,210,11055.549651
38.0,232,11057.873592
60.0,161,11059.43787
58.0,166,11061.0292
80.0,87,11061.746853
68.0,154,11098.416654
76.0,408,11132.462742
41.0,182,11134.249244
54.0,128,11135.406039
69.0,164,11136.627472
37.0,165,11138.742935
59.0,88,11341.846107
42.0,121,11342.993563
60.0,627,11356.621382
53.0,355,11363.605913
48.0,284,11408.119005
50.0,1024,11793.821881
62.0,333,11824.934063
53.0,157,11826.517395
60.0,133,11842.457752
42.0,89,11843.168899
46.0,274,11845.728779
96.0,165,11869.966701
80.0,243,11918.302347
31.0,78,11921.782242
74.0,103,11924.822807
49.0,146,12130.849603
48.0,786,12140.139507
63.0,136,12141.191879
52.0,136,12142.124214
55.0,135,12143.310685
58.0,129,12144.793318
36.0,158,12146.198462
30.0,110,12146.968424
43.0,342,12149.491029
78.0,327,12357.028323
38.0,153,12358.39276
58.0,328,12361.225139
54.0,472,12365.72039
64.0,367,12368.694908
66.0,245,12396.771732
41.0,94,12397.65563
61.0,463,12604.658219
47.0,250,12607.583913
29.0,299,12611.661724
28.0,604,12702.241913
61.0,103,12703.977642
26.0,164,12706.728029
57.0,172,12754.230486
77.0,202,12960.864493
57.0,95,12961.755793
71.0,150,12963.090884
70.0,304,13000.644507
58.0,1218,13188.285431
59.0,168,13392.328574
54.0,116,13393.323676
42.0,261,13396.417513
35.0,198,13398.384662
70.0,392,13402.888675
51.0,415,13421.656102
48.0,212,13424.051363
44.0,431,13516.311175
61.0,168,13744.920927
23.0,189,13746.494299
65.0,132,13747.47361
33.0,529,13768.240378
70.0,158,13769.548959
76.0,110,13770.426828
57.0,194,13771.911498
53.0,221,13773.842664
43.0,774,13986.742973
53.0,154,13987.958567
69.0,246,14008.587952
68.0,132,14009.713962
55.0,104,14010.659202
63.0,114,14011.55957
65.0,261,14013.622856
50.0,175,14015.002578
63.0,82,14015.945265
37.0,323,14018.567692
82.0,118,14223.866467
63.0,317,14226.276493
39.0,442,14233.891303
47.0,131,14235.269137
95.0,204,14237.43243
32.0,250,14239.621305
35.0,610,14244.765713
68.0,151,14455.118738
29.0,791,14466.74546
70.0,125,14469.250571
54.0,106,14568.376519
52.0,264,14574.076598
63.0,147,14577.534325
50.0,145,14578.819137
62.0,203,14580.637406
34.0,391,14790.530986
67.0,185,14791.904407
58.0,97,14793.021082
57.0,491,14797.171545
48.0,593,14894.483727
49.0,590,15150.983429
30.0,1419,15223.704297
61.0,101,15224.530629
34.0,194,15226.596847
64.0,143,15227.780649
76.0,952,15535.593239
60.0,92,15536.449311
64.0,378,15548.422731
70.0,100,15576.835668
59.0,101,15580.604493
65.0,366,15583.591969
59.0,255,15795.068117
49.0,326,15798.056441
64.0,1115,15859.290276
46.0,278,15862.67173
42.0,668,16070.790236
62.0,303,16073.514084
60.0,146,16074.614405
50.0,139,16075.934151
39.0,1109,16314.973085
77.0,153,16316.423642
76.0,117,16317.566014
49.0,355,16320.731689
61.0,266,16322.972333
62.0,93,16324.085368
60.0,337,16326.774137
58.0,173,16327.974146
43.0,319,16332.870894
83.0,90,16549.490929
37.0,183,16588.303582
39.0,452,16629.843139
69.0,427,16638.803619
39.0,208,16640.547511
63.0,145,16643.360322
48.0,230,16653.017959
66.0,519,16906.863694
58.0,103,16907.728743
61.0,508,16913.163101
74.0,139,16914.879687
58.0,128,16915.859902
65.0,282,16918.549143
61.0,115,16930.229285
43.0,134,16931.275457
65.0,159,16932.614032
66.0,132,16933.731097
76.0,112,16934.600896
55.0,380,17145.576591
65.0,192,17147.396877
57.0,109,17148.26988
66.0,689,17170.095698
42.0,911,17383.300658
56.0,213,17384.563311
62.0,276,17386.584276
77.0,275,17423.484178
76.0,140,17424.703825
76.0,296,17456.316984
46.0,545,17488.254606
38.0,154,17489.504221
64.0,246,17699.432862
57.0,529,17703.403811
70.0,176,17704.665999
58.0,378,17707.994719
47.0,1064,18064.969453
71.0,118,18067.933327
56.0,166,18089.014411
57.0,169,18119.620177
37.0,208,18137.380979
61.0,395,18141.055602
64.0,755,18504.487586
64.0,793,18554.950818
64.0,420,18559.231228
58.0,470,18563.821338
76.0,159,18643.789074
29.0,403,18855.440454
38.0,540,18864.78424
72.0,132,18869.807018
91.0,181,18890.729174
57.0,923,19102.771412
62.0,475,19125.189471
40.0,199,19126.873434
50.0,232,19129.053422
85.0,446,19133.928291
58.0,479,19191.995551
51.0,1713,19548.873135
66.0,262,19551.958843
60.0,181,19559.609138
34.0,200,19769.347112
79.0,213,19876.012869
81.0,189,19879.666098
46.0,173,19889.316363
48.0,234,19891.426749
50.0,358,19894.436949
52.0,94,19895.170815
33.0,489,19934.172304
34.0,833,20144.20411
56.0,512,20159.593059
51.0,174,20176.4166
45.0,122,20178.199365
50.0,111,20205.990589
70.0,292,20208.721757
37.0,211,20407.902477
72.0,160,20409.270928
41.0,567,20421.655515
71.0,146,20424.529585
44.0,87,20452.858372
39.0,464,20522.684709
65.0,307,20525.453069
81.0,78,20526.016686
55.0,136,20606.054687
61.0,72,20610.965787
63.0,155,20826.574827
34.0,145,20828.112858
47.0,147,20832.911105
61.0,135,20852.06132
88.0,90,20854.551614
41.0,260,20857.613863
41.0,79,20858.389155
65.0,286,20878.556853
65.0,139,20897.791081
52.0,98,20898.659391
66.0,176,20901.456016
42.0,694,21177.550073
59.0,222,21180.23908
54.0,275,21182.953205
65.0,345,21186.08798
63.0,140,21187.3028
41.0,244,21189.35601
68.0,101,21190.135032
57.0,754,21415.570963
57.0,739,21435.562971
57.0,163,21437.456774
59.0,230,21440.32179
69.0,242,21443.043432
42.0,199,21444.840844
85.0,614,21653.256836
76.0,222,21654.946035
52.0,109,21655.854372
44.0,1785,21896.991674
62.0,212,21898.579598
75.0,158,21900.095195
65.0,219,21938.102221
39.0,213,21960.44501
34.0,1169,22189.187189
73.0,147,22192.763112
68.0,188,22194.502498
58.0,596,22199.408161
64.0,162,22200.80488
36.0,2000,22535.228245
59.0,108,22536.201018
65.0,826,22812.764833
54.0,284,22816.307979
46.0,222,22818.145772
63.0,951,22825.542526
60.0,205,23030.97868
65.0,218,23033.492519
44.0,248,23035.591369
76.0,112,23036.432721
62.0,842,23044.306019
41.0,736,23259.166455
33.0,467,23263.793419
20.0,298,23306.165955
56.0,115,23307.263123
60.0,185,23373.256205
68.0,655,23402.342369
54.0,577,23613.165608
70.0,184,23614.799137
63.0,113,23668.226429
59.0,194,23748.078987
58.0,2000,23978.196561
50.0,460,23983.935694
48.0,227,23985.735754
77.0,353,23988.705723
64.0,144,23990.058416
48.0,2000,24287.562897
76.0,961,24508.39384
61.0,1136,24535.052254
60.0,160,24736.989014
59.0,176,24739.640828
63.0,80,24740.368861
49.0,186,24743.030073
42.0,199,24759.010813
55.0,95,24760.364614
50.0,189,24762.612721
53.0,138,24763.821486
53.0,141,24771.24869
36.0,119,24772.236392
54.0,122,24773.216198
56.0,1751,25064.157386
55.0,94,25064.798054
70.0,434,25077.064973
49.0,522,25293.618542
61.0,150,25297.907587
64.0,387,25328.230154
65.0,268,25330.741896
61.0,148,25332.086916
59.0,403,25358.808954
64.0,233,25361.024287
60.0,153,25362.628423
60.0,59,25572.387927
45.0,124,25573.790158
75.0,676,25579.027227
56.0,217,25580.591582
71.0,139,25583.631362
68.0,543,25589.531092
58.0,257,25591.702605
57.0,224,25800.488116
60.0,334,25803.106436
76.0,556,25838.356261
51.0,205,25839.767181
88.0,88,25840.393508
57.0,104,25859.499238
44.0,235,25929.759207
55.0,2000,26194.781632
56.0,251,26197.008912
74.0,145,26396.932635
47.0,350,26400.09488
31.0,496,26421.369031
68.0,81,26422.035497
35.0,240,26423.596084
48.0,218,26425.894316
58.0,255,26488.214661
59.0,116,26541.890279
43.0,259,26572.969253
75.0,177,26806.507671
59.0,258,26825.791075
46.0,253,26828.492866
58.0,151,26829.502129
67.0,318,26831.94836
67.0,134,26833.122759
75.0,119,26833.966085
46.0,562,26839.253274
45.0,318,27074.806659
56.0,90,27075.479004
48.0,399,27078.574778
47.0,253,27127.997703
39.0,237,27148.410671
57.0,68,27149.007681
39.0,1014,27377.73632
65.0,96,27378.570372
36.0,282,27380.907157
60.0,2000,27667.291532
67.0,115,27667.989841
77.0,135,27668.780258
58.0,288,27670.730943
58.0,165,27672.042569
93.0,248,27716.873165
61.0,89,27717.700032
75.0,110,27718.678169
55.0,164,27719.904145
70.0,134,27720.922362
45.0,144,27926.353184
61.0,172,27945.943416
75.0,271,27951.491776
80.0,63,27951.99016
60.0,113,27989.434794
55.0,100,27990.413719
60.0,319,28011.074188
36.0,288,28013.481022
50.0,125,28014.484066
72.0,2000,28281.600319
57.0,1006,28494.785364
54.0,166,28496.018063
41.0,176,28517.517797
71.0,139,28518.657226
67.0,255,28546.089019
50.0,153,28547.91956
75.0,111,28549.085628
52.0,2000,28789.951734
41.0,136,28790.935428
42.0,133,28792.067303
53.0,424,29005.69903
87.0,97,29014.947525
53.0,172,29029.453029
68.0,196,29039.623484
59.0,259,29041.776502
53.0,393,29044.563326
64.0,238,29046.708066
79.0,76,29047.301446
72.0,995,29307.5336
23.0,2000,29700.038721
64.0,83,29701.118873
80.0,1239,29716.469499
51.0,596,29960.088978
52.0,363,30124.203395
62.0,274,30126.887202
51.0,268,30129.072773
69.0,564,30133.325099
69.0,604,30347.036009
77.0,290,30349.445853
35.0,735,30355.729873
52.0,343,30362.312704
60.0,171,30363.627223
36.0,105,30364.296691
32.0,322,30571.33025
39.0,366,30574.963836
45.0,107,30575.954167
49.0,111,30576.813699
76.0,189,30578.372905
56.0,683,30583.765939
54.0,868,30796.995178
44.0,2000,31018.500409
49.0,157,31019.618762
72.0,224,31021.079151
78.0,313,31023.561422
58.0,225,31025.428344
63.0,137,31026.294742
40.0,323,31065.419297
50.0,140,31085.773162
51.0,156,31331.798063
21.0,527,31355.163827
78.0,162,31404.069469
59.0,215,31405.819373
69.0,731,31432.794417
60.0,821,31668.103832
32.0,146,31669.154055
58.0,116,31669.95275
40.0,173,31671.407735
62.0,112,31674.142887
58.0,552,31694.285537
24.0,691,31905.976395
59.0,221,31908.911074
68.0,121,31909.747864
62.0,272,31911.835125
29.0,473,31931.810238
67.0,175,31933.523264
52.0,111,31934.58886
61.0,194,31936.23211
67.0,345,32142.491494
75.0,135,32143.369095
77.0,276,32146.398345
81.0,158,32147.811802
48.0,244,32150.297557
60.0,201,32151.777505
54.0,159,32152.875294
43.0,242,32155.005641
29.0,394,32159.72165
74.0,89,32160.585489
93.0,105,32368.261617
91.0,89,32369.004931
54.0,627,32374.029315
55.0,95,32374.72467
42.0,575,32398.484631
64.0,444,32449.876581
52.0,1238,32705.949326
64.0,510,32711.731975
50.0,211,32784.184029
62.0,649,32994.750834
39.0,1318,33004.332892
51.0,1591,33218.32517
55.0,632,33223.552844
60.0,80,33224.158656
65.0,97,33224.871022
38.0,190,33432.821778
48.0,784,33439.091531
62.0,202,33440.408171
57.0,214,33442.086705
57.0,180,33470.3017
69.0,279,33506.22014
49.0,117,33507.29232
44.0,1198,33737.928746
60.0,202,33739.487489
63.0,94,33743.740247
74.0,204,33756.336492
48.0,285,33758.358425
70.0,555,33995.629307
51.0,337,33997.976067
83.0,982,34006.443378
62.0,558,34218.862641
45.0,295,34221.261958
53.0,252,34223.386719
60.0,2000,34453.106807
42.0,161,34459.042401
77.0,153,34460.288144
47.0,131,34478.266997
55.0,475,34519.484054
78.0,221,34521.117372
62.0,304,34727.983116
56.0,400,34731.189229
58.0,201,34732.862287
40.0,185,34734.270314
48.0,174,34735.617563
54.0,164,34736.990086
62.0,489,34760.764305
68.0,834,34970.605151
65.0,164,34972.068834
60.0,772,34988.185058
64.0,1140,35203.198512
47.0,508,35207.911423
45.0,2000,35474.731958
46.0,351,35477.589974
37.0,225,35479.330312
92.0,143,35480.265638
84.0,142,35481.134887
55.0,590,35725.606383
88.0,131,35730.752625
25.0,675,35740.864078
77.0,128,35741.77862
61.0,629,35746.122572
64.0,169,35949.08476
48.0,1147,35962.074138
39.0,512,35966.271131
70.0,161,35969.962122
39.0,232,36208.716918
42.0,727,36232.813238
41.0,815,36345.741935
58.0,132,36346.900875
52.0,486,36552.192446
65.0,171,36553.702905
73.0,1043,36565.014496
36.0,416,36568.800961
52.0,381,36773.310812
55.0,217,36775.356201
41.0,588,36781.209865
45.0,1136,37088.518491
52.0,798,37118.652409
44.0,2000,37340.612156
50.0,745,37347.498598
63.0,128,37348.478351
75.0,209,37350.895109
28.0,1362,37651.169141
34.0,95,37652.045998
50.0,270,37655.558064
76.0,83,37656.40339
32.0,2000,37918.771075
51.0,174,37920.188183
47.0,393,38127.03633
57.0,264,38128.842835
52.0,186,38130.161809
51.0,2000,38394.008757
88.0,133,38395.141809
52.0,61,38395.589638
54.0,398,38400.804422
67.0,181,38402.066638
83.0,265,38404.319448
52.0,214,38406.098273
42.0,233,38407.663271
60.0,720,38617.792838
65.0,185,38619.214659
76.0,244,38620.786053
65.0,341,38623.740401
42.0,98,38625.008967
44.0,2000,38845.9282
40.0,259,38848.152492
63.0,273,38850.551564
57.0,274,39051.941439
54.0,184,39053.757138
64.0,1038,39165.487112
71.0,98,39166.150132
49.0,82,39167.539517
85.0,441,39374.916408
92.0,459,39379.605254
76.0,150,39397.361801
80.0,228,39399.098174
65.0,229,39514.609917
53.0,98,39515.357658
40.0,1974,39798.896776
69.0,201,39800.523144
34.0,105,39801.092292
41.0,2000,40061.98242
47.0,181,40064.107718
44.0,309,40068.563699
47.0,101,40069.306614
90.0,373,40274.449189
51.0,533,40282.399146
50.0,943,40297.76262
21.0,1044,40514.100334
57.0,360,40517.040715
82.0,140,40518.275248
59.0,63,40518.73989
47.0,59,40519.176545
71.0,96,40519.925874
34.0,502,40523.982132
61.0,276,40726.928759
48.0,283,40729.227853
50.0,80,40729.785405
54.0,127,40730.703876
55.0,2000,40956.557539
40.0,454,40960.060836
42.0,2000,41236.101573
89.0,68,41236.603432
38.0,1046,41477.303846
46.0,353,41488.214031
65.0,207,41498.777037
56.0,271,41500.891518
78.0,726,41506.143667
51.0,660,41714.159194
57.0,2000,41933.519219
43.0,1542,41944.914281
68.0,1025,42160.2091
57.0,356,42163.352172
72.0,121,42165.622891
34.0,351,42170.005236
75.0,225,42173.218881
52.0,168,42176.425307
76.0,233,42381.985124
52.0,100,42396.621112
68.0,181,42397.865883
32.0,913,42404.584639
39.0,322,42408.71693
44.0,368,42622.788664
60.0,104,42623.709784
86.0,2000,42842.739945
49.0,1060,42850.632992
32.0,190,42851.940598
55.0,261,42853.716741
53.0,1203,43068.840294
47.0,202,43070.528582
68.0,558,43074.537589
45.0,2000,43315.09425
67.0,149,43316.845136
81.0,127,43317.691651
55.0,168,43319.037769
62.0,81,43319.65875
51.0,252,43545.909544
50.0,147,43546.982057
61.0,354,43550.001373
67.0,276,43553.892389
73.0,2000,43783.676121
67.0,473,43787.237191
50.0,462,43790.325547
68.0,214,43994.418523
38.0,474,43997.649066
66.0,138,43998.5145
55.0,2000,44221.955452
50.0,1600,44435.650602
85.0,195,44437.939088
37.0,917,44448.416468
50.0,152,44449.631724
54.0,112,44450.374183
46.0,160,44451.502748
57.0,207,44453.019341
52.0,257,44659.778863
29.0,295,44661.883471
79.0,158,44662.845873
52.0,669,44667.044605
61.0,261,44680.30408
60.0,125,44681.283679
57.0,332,44683.740406
52.0,931,44899.247921
57.0,109,44899.953519
87.0,73,44900.465334
37.0,2000,45138.736275
47.0,2000,45356.496407
41.0,649,45361.3818
59.0,176,45362.624256
53.0,1382,45584.905584
60.0,334,45588.109479
36.0,306,45598.28406
64.0,98,45599.191647
36.0,710,45804.000476
41.0,821,45810.046183
91.0,486,45813.891873
59.0,964,46026.881033
60.0,335,46029.458403
60.0,222,46031.433694
64.0,424,46034.954568
60.0,720,46245.214883
55.0,124,46246.004261
66.0,248,46247.803842
64.0,832,46307.389067
70.0,76,46307.91487
51.0,2000,46583.975146
86.0,894,46795.267587
33.0,2000,47015.712733
68.0,165,47017.106969
48.0,150,47018.414586
61.0,1491,47229.578844
39.0,211,47230.792683
57.0,1230,47239.743399
48.0,414,47243.359645
45.0,359,47445.722955
51.0,92,47446.382309
63.0,366,47449.287813
57.0,598,47454.491336
48.0,208,47456.666738
63.0,118,47458.199734
55.0,770,47669.468668
70.0,560,47674.303423
29.0,1585,47988.989962
10.0,97,47989.92566
58.0,50,47990.36556
52.0,288,47995.385774
53.0,140,47996.468518
61.0,1661,48271.059732
67.0,89,48293.49258
59.0,158,48331.411126
74.0,110,48332.201657
36.0,954,48358.116744
68.0,193,48575.729676
51.0,392,48578.580171
47.0,863,48584.303801
56.0,92,48584.963991
29.0,723,48793.309619
44.0,2000,49088.76719
53.0,1880,49105.694551
39.0,2000,49321.769904
62.0,83,49322.341438
53.0,200,49523.592097
75.0,805,49529.543191
40.0,2000,49750.961257
47.0,623,49805.504787
35.0,2000,50062.201086
25.0,1328,50314.353924
54.0,247,50316.183877
58.0,403,50319.282091
33.0,176,50320.613431
45.0,254,50322.980843
58.0,368,50530.306269
61.0,854,50548.18912
81.0,699,50552.798452
72.0,151,50553.750975
70.0,222,50759.449056
47.0,587,50766.043977
55.0,146,50767.588262
39.0,654,50797.687314
55.0,126,50798.662494
36.0,984,51007.373259
55.0,563,51012.219817
52.0,352,51014.873102
36.0,518,51039.437684
36.0,371,51239.255624
40.0,390,51242.910805
71.0,341,51246.468942
77.0,141,51247.936748
45.0,149,51250.540265
51.0,431,51254.39628
65.0,125,51255.579613
47.0,2000,51563.744911
87.0,572,51769.082605
67.0,146,51770.732111
50.0,154,51772.206992
71.0,90,51772.902985
61.0,89,51773.488435
72.0,75,51774.102187
47.0,259,51775.780307
69.0,172,51776.916903
61.0,117,51777.671113
55.0,118,51778.55094
79.0,98,51779.289955
36.0,1061,51989.238992
32.0,105,51990.243837
68.0,466,51995.100442
60.0,265,51997.550406
45.0,1411,52212.073608
31.0,1325,52422.285862
48.0,1391,52452.997912
51.0,421,52458.5276
73.0,63,52459.07609
58.0,192,52661.347424
60.0,88,52662.259724
70.0,104,52663.532216
54.0,304,52667.921294
53.0,87,52668.953183
53.0,388,52673.025618
59.0,396,52677.04581
59.0,82,52677.858695
33.0,78,52679.175813
72.0,136,52682.022144
75.0,84,52684.352505
54.0,175,52886.114137
38.0,2000,52906.66346
64.0,160,53141.856864
33.0,115,53142.655011
55.0,2000,53360.56605
61.0,161,53362.402213
58.0,72,53363.216484
59.0,97,53364.395901
30.0,2000,53653.483624
47.0,2000,53872.281874
53.0,61,53872.66753
41.0,727,53877.320153
83.0,155,53878.255052
80.0,612,53883.933221
65.0,430,54087.136217
60.0,103,54088.00531
66.0,157,54088.985897
74.0,1826,54305.175121
58.0,242,54306.961436
35.0,394,54309.655653
77.0,269,54311.43018
60.0,184,54312.963812
34.0,2000,54534.088253
13.0,52,54534.477913
68.0,383,54537.780976
80.0,143,54538.768872
40.0,565,54746.496698
66.0,182,54748.106559
60.0,1327,54960.051832
77.0,105,54960.979275
41.0,738,54966.25654
48.0,2000,55209.97104
68.0,78,55210.76251
38.0,205,55212.643222
93.0,150,55216.115751
55.0,2000,55470.76182
52.0,90,55471.655507
55.0,182,55474.034684
36.0,261,55475.87332
73.0,93,55476.727463
50.0,1707,55746.246033
44.0,2000,55959.766218
56.0,575,55965.387833
67.0,405,56170.463453
57.0,847,56178.664518
62.0,227,56180.668707
72.0,397,56184.568089
66.0,412,56386.968924
55.0,646,56409.714489
48.0,961,56421.12003
45.0,899,56665.345221
57.0,544,56669.94711
60.0,1493,56889.092003
60.0,75,56889.560681
49.0,304,56891.827963
45.0,2000,57110.433018
65.0,80,57111.05677
72.0,1152,57325.077713
47.0,140,57325.980978
41.0,315,57327.937242
35.0,2000,57550.689329
70.0,767,57555.843776
39.0,978,57771.272897
45.0,498,57774.479026
78.0,383,57777.962539
45.0,353,57780.26805
48.0,413,57783.254606
35.0,872,57995.51581
43.0,885,58001.965913
69.0,287,58004.042526
45.0,1761,58220.036937
53.0,279,58222.012859
67.0,103,58222.669608
55.0,1888,58440.061123
66.0,498,58643.847265
48.0,135,58645.503673
66.0,1143,58665.598991
65.0,127,58666.448564
55.0,358,58879.953345
36.0,119,58880.792706
37.0,333,58883.132736
43.0,116,58883.97222
78.0,163,58885.088781
35.0,203,58886.640818
55.0,1215,59125.725441
59.0,1084,59134.365382
68.0,261,59136.30142
56.0,101,59137.035459
66.0,114,59137.9046
56.0,374,59339.688023
57.0,544,59343.711432
75.0,80,59344.386298
65.0,2000,59569.703695
48.0,302,59572.33416
63.0,294,59574.907109
52.0,66,59575.466633
36.0,915,59786.820176
47.0,142,59788.312038
60.0,134,59789.464483
52.0,2000,60008.128125
57.0,2000,60228.056715
50.0,167,60229.347234
61.0,706,60234.93908
57.0,646,60239.106272
42.0,77,60239.766888
38.0,166,60437.979547
43.0,265,60440.727594
43.0,700,60446.186137
39.0,1274,60653.286305
54.0,553,60658.636518
48.0,135,60659.884719
75.0,77,60660.474436
35.0,1580,60873.150885
88.0,55,60873.570378
45.0,2000,61093.105884
43.0,377,61096.700675
45.0,1173,61307.223166
77.0,455,61310.530105
47.0,375,61312.857097
71.0,113,61313.738939
54.0,243,61315.208972
65.0,1007,61519.709785
59.0,247,61521.88044
66.0,62,61522.451444
60.0,129,61523.639271
64.0,722,61536.057789
65.0,395,61544.215089
25.0,2000,61760.16583
47.0,179,61761.581095
44.0,871,61969.672466
38.0,2000,62185.861566
66.0,161,62187.006633
30.0,2000,62428.128752
51.0,1475,62646.338529
65.0,89,62647.050869
33.0,930,62653.129722
64.0,119,62653.903959
45.0,299,62655.958924
44.0,864,62883.528063
54.0,131,62884.725812
54.0,1516,62895.750592
55.0,707,63103.443604
45.0,341,63106.337004
21.0,75,63106.792889
44.0,460,63110.018955
25.0,535,63310.217529
49.0,2000,63522.233517
63.0,100,63523.086427
60.0,340,63525.589664
37.0,1598,63771.543824
46.0,253,63808.246786
43.0,415,63829.377587
65.0,1019,63836.481986
59.0,100,63837.152689
43.0,141,63838.408523
40.0,2000,64059.944193
78.0,927,64269.032821
36.0,2000,64488.200512
28.0,2000,64735.285187
58.0,78,64735.810625
34.0,302,64737.80049
57.0,2000,64956.573715
78.0,108,64957.59446
79.0,584,64961.64648
61.0,80,64962.0781
35.0,572,65168.587651
44.0,115,65169.652778
52.0,173,65170.979973
66.0,68,65171.480909
49.0,548,65176.660369
39.0,2000,65393.191067
45.0,2000,65620.017553
52.0,1168,65837.184863
73.0,250,65838.856714
28.0,2000,66059.417085
28.0,354,66062.682005
55.0,249,66064.994333
33.0,108,66065.901225
50.0,2000,66284.375211
55.0,335,66292.437642
65.0,418,66314.289473
26.0,88,66338.679568
61.0,112,66339.575512
59.0,82,66566.123496
61.0,79,66566.725549
53.0,71,66567.203539
21.0,276,66589.802181
57.0,115,66590.623198
33.0,2000,66818.297049
49.0,420,66821.299602
82.0,1067,67037.750189
52.0,2000,67057.475973
50.0,89,67262.35648
46.0,84,67262.860882
49.0,154,67263.742869
69.0,76,67264.194609
57.0,256,67266.109149
47.0,67,67266.556481
57.0,346,67268.769831
37.0,1147,67481.081643
43.0,237,67482.888639
49.0,1223,67519.090975
43.0,54,67519.413993
48.0,77,67519.967571
80.0,69,67520.436594
42.0,401,67756.415553
33.0,2000,67983.126879
70.0,123,67984.054998
69.0,1837,68246.773155
55.0,340,68248.789405
41.0,376,68251.095471
53.0,89,68251.654584
31.0,2000,68475.036172
50.0,123,68475.773591
49.0,536,68479.665791
55.0,1682,68693.88504
73.0,363,68696.647092
60.0,103,68697.479183
47.0,412,68700.419599
85.0,1272,68938.005419
66.0,441,68942.525792
55.0,211,68944.330941
41.0,432,69162.0657
63.0,123,69163.139808
49.0,1279,69172.401466
42.0,507,69378.576289
75.0,302,69382.009101
69.0,216,69383.338612
33.0,1001,69470.127865
68.0,129,69471.099374
49.0,242,69475.323137
43.0,2000,69698.160394
65.0,250,69924.582015
63.0,134,69925.46185
44.0,123,69927.933126
34.0,270,69930.199215
34.0,250,69932.687733
44.0,2000,70192.488084
77.0,431,70198.586044
57.0,1569,70425.831837
48.0,90,70426.427763
56.0,88,70427.014897
18.0,116,70427.928066
48.0,74,70428.436595
63.0,94,70429.245999
84.0,78,70429.796338
12.0,386,70432.574704
42.0,462,70641.105247
41.0,202,70642.428097
65.0,73,70642.849406
59.0,136,70643.670166
59.0,183,70644.846581
68.0,1496,70859.733046
56.0,143,70860.65935
44.0,1752,71080.390164
35.0,2000,71095.233156
50.0,148,71299.182786
56.0,187,71300.502547
35.0,1494,71310.82893
58.0,185,71312.270337
32.0,2000,71543.782706
53.0,332,71749.375379
60.0,508,71763.829552
42.0,124,71765.044852
60.0,159,71766.579254
45.0,90,71767.408728
55.0,115,71768.485032
49.0,1147,72010.428924
56.0,276,72013.170539
65.0,417,72017.489561
77.0,343,72021.213988
79.0,106,72022.302797
44.0,266,72025.287598
70.0,298,72027.808735
52.0,180,72238.288358
80.0,188,72239.992785
43.0,1594,72255.802176
38.0,2000,72578.322064
80.0,170,72786.59634
69.0,133,72787.705252
41.0,393,72790.568953
53.0,171,72791.859659
51.0,113,72792.945077
52.0,84,72793.53098
43.0,1162,73008.633137
27.0,2000,73023.319743
53.0,2000,73245.444935
73.0,86,73450.901605
58.0,281,73452.763368
75.0,239,73454.592462
48.0,156,73455.757134
40.0,146,73456.818805
54.0,234,73458.686702
41.0,107,73459.295016
54.0,184,73460.364426
55.0,318,73462.985701
57.0,159,73464.024682
61.0,1009,73680.781219
41.0,992,73687.300714
70.0,181,73690.198726
55.0,562,73912.083003
52.0,56,73912.537702
62.0,910,73919.777876
87.0,138,73921.118592
74.0,128,73922.158711
42.0,233,73924.03267
64.0,76,73924.690813
77.0,93,74147.41855
30.0,2000,74423.241275
57.0,445,74426.446426
66.0,828,74432.463003
67.0,70,74432.911582
55.0,2000,74679.51726
28.0,529,74682.694387
47.0,253,74892.672311
69.0,89,74893.525782
42.0,529,74897.00098
48.0,166,74898.109097
50.0,2000,75123.242156
45.0,240,75124.902593
58.0,99,75125.711141
51.0,504,75129.075101
57.0,69,75129.552764
36.0,2000,75352.615873
55.0,966,75565.305547
65.0,2000,75784.67332
65.0,66,75785.203479
65.0,523,75789.370229
64.0,154,75790.500011
50.0,447,75793.576127
76.0,193,75820.14569
57.0,278,76027.606937
60.0,2000,76281.765046
60.0,199,76283.938576
35.0,116,76285.170095
52.0,2000,76518.872207
42.0,2000,76765.908495
48.0,452,76769.442095
54.0,257,76771.572434
42.0,120,76772.50437
66.0,318,76777.563624
61.0,59,76778.069649
37.0,297,76781.480612
54.0,2000,77005.378098
67.0,1549,77223.968907
37.0,673,77256.203589
48.0,251,77464.059724
48.0,77,77464.747325
65.0,160,77465.851392
59.0,374,77468.516392
30.0,157,77469.615831
50.0,101,77470.298285
31.0,356,77472.755028
64.0,191,77474.097993
64.0,142,77475.135988
75.0,159,77476.069373
83.0,681,77687.060289
61.0,149,77688.208815
66.0,2000,77925.705539
64.0,257,77927.762715
74.0,200,77929.33499
74.0,358,77931.842497
60.0,2000,78151.879768
47.0,1570,78397.627225
47.0,478,78400.842724
70.0,137,78402.098284
48.0,342,78404.497737
58.0,1217,78716.746479
52.0,264,78719.480563
69.0,114,78720.448509
38.0,179,78721.515456
69.0,649,78935.115112
59.0,79,78935.637037
47.0,782,78972.411762
68.0,126,78973.217627
29.0,360,78975.946545
64.0,442,78978.697278
53.0,207,79195.069155
22.0,222,79196.865357
54.0,423,79200.056951
80.0,50,79200.374113
64.0,149,79201.412621
71.0,81,79201.940237
55.0,698,79207.002235
48.0,490,79445.351102
70.0,645,79449.899269
54.0,91,79450.570362
59.0,1812,79673.547982
41.0,364,79676.005903
80.0,430,79680.357203
35.0,132,79681.131535
56.0,161,79682.17816
27.0,2000,79925.704034
55.0,99,79926.302664
64.0,320,80145.55641
46.0,86,80146.246014
68.0,260,80149.183431
62.0,1038,80159.277416
94.0,2000,80383.412332
65.0,335,80386.094351
41.0,155,80387.368212
35.0,2000,80636.370409
61.0,109,80637.310278
55.0,267,80846.013856
69.0,332,80848.776835
58.0,158,80850.126219
55.0,100,80850.953901
68.0,62,80851.571229
62.0,1996,81098.288456
35.0,181,81102.872042
53.0,914,81135.467922
72.0,168,81136.906638
61.0,487,81345.220245
50.0,983,81402.684018
62.0,318,81405.272251
43.0,2000,81625.274584
62.0,871,81841.634817
68.0,2000,82062.509709
56.0,688,82067.209943
54.0,121,82067.95945
49.0,2000,82290.513068
41.0,1237,82506.399522
76.0,117,82507.489544
52.0,617,82511.37528
46.0,684,82516.641234
43.0,1066,82731.455544
60.0,1057,82738.830311
25.0,171,82944.334125
67.0,2000,83196.744037
40.0,659,83201.478669
38.0,2000,83423.076903
44.0,448,83425.858849
64.0,218,83427.471392
36.0,78,83428.158534
41.0,2000,83649.302672
55.0,143,83650.219399
69.0,86,83650.8081
49.0,72,83651.263287
79.0,256,83652.929601
59.0,167,83861.189682
82.0,456,83864.767024
46.0,66,83865.198388
52.0,84,83865.831115
38.0,204,83867.498369
69.0,125,83868.340155
52.0,265,83870.214575
51.0,82,83870.986843
60.0,118,83871.810091
56.0,213,83873.245929
53.0,67,83873.694216
43.0,1062,84198.434016
70.0,133,84199.328344
49.0,71,84199.831989
67.0,799,84205.277573
83.0,67,84205.697029
77.0,75,84206.178323
48.0,325,84416.359276
70.0,99,84417.097121
50.0,38,84417.283797
38.0,629,84421.102368
34.0,73,84421.578763
38.0,392,84424.899476
37.0,60,84425.296151
48.0,64,84425.711183
57.0,2000,84665.500442
60.0,284,84685.805213
41.0,229,84687.54646
45.0,1298,84903.295739
71.0,496,84906.461221
29.0,147,84926.142941
45.0,82,84926.768612
34.0,2000,85188.544421
35.0,145,85189.908633
49.0,703,85426.813123
38.0,1981,85649.032423
31.0,1202,85656.946349
39.0,967,85874.996147
53.0,1226,85906.259155
82.0,216,86135.038777
56.0,60,86135.477499
61.0,2000,86355.6989
62.0,2000,86581.448547
54.0,328,86632.027709
47.0,219,86633.829788
55.0,160,86635.19258
54.0,185,86636.443577
34.0,400,86676.002963
65.0,128,86677.053862
75.0,561,86888.602028
55.0,120,86889.5665
46.0,1325,86904.088974
51.0,534,86935.826701
22.0,2000,87157.383131
56.0,1020,87373.310301
47.0,62,87373.73571
55.0,79,87374.173863
48.0,2000,87595.401704
48.0,623,87599.715228
50.0,128,87600.587078
46.0,359,87811.789378
76.0,200,87813.026811
47.0,2000,88036.630236
70.0,338,88038.752593
50.0,2000,88261.220986
46.0,388,88263.833471
50.0,473,88266.989085
20.0,144,88268.257933
36.0,572,88498.184716
64.0,72,88498.672614
45.0,99,88499.257108
51.0,160,88500.414024
38.0,661,88504.425105
49.0,116,88505.329509
69.0,992,88807.764271
38.0,2000,89035.721339
36.0,1703,89050.087959
56.0,57,89050.485626
40.0,66,89050.971283
51.0,181,89254.729341
23.0,2000,89270.04561
30.0,158,89473.757943
70.0,58,89474.342871
57.0,176,89475.770448
64.0,187,89477.352406
47.0,1194,89505.680774
50.0,118,89506.524674
38.0,252,89713.203969
23.0,2000,89957.644055
36.0,560,90067.140274
62.0,108,90068.054829
66.0,295,90070.538364
38.0,329,90073.274302
59.0,302,90086.156064
58.0,496,90316.991776
26.0,133,90318.019516
51.0,70,90320.446989
41.0,433,90324.082834
64.0,100,90325.074184
61.0,174,90332.903652
74.0,1148,90545.868431
22.0,2000,90766.449636
48.0,844,90772.033528
60.0,65,90772.618933
30.0,74,90773.124316
35.0,185,90774.18842
49.0,715,90778.704163
27.0,90,90779.570814
47.0,96,90983.888639
55.0,132,91019.793269
43.0,106,91020.714141
52.0,2000,91270.137294
65.0,391,91273.806205
65.0,2000,91528.283794
86.0,91,91547.105369
61.0,549,91552.541867
50.0,1456,91762.683018
61.0,91,91782.942484
40.0,136,91784.281551
33.0,2000,92023.296559
34.0,79,92023.957085
42.0,765,92030.360115
50.0,68,92031.277891
34.0,43,92031.663815
36.0,93,92032.435755
61.0,136,92033.442926
53.0,60,92034.014714
22.0,830,92246.058482
63.0,58,92246.574365
57.0,118,92247.512024
60.0,813,92253.682012
49.0,2000,92581.313862
52.0,438,92897.946172
85.0,147,92899.634523
19.0,791,92932.785689
66.0,133,92934.110752
31.0,2000,93176.24895
41.0,108,93177.176836
31.0,278,93179.227219
26.0,162,93180.403041
59.0,57,93180.846507
47.0,826,93431.369804
62.0,195,93448.942146
42.0,245,93450.871752
50.0,123,93451.665527
57.0,406,93454.337443
31.0,62,93454.712999
59.0,158,93455.770808
69.0,125,93456.518766
43.0,357,93666.899353
49.0,121,93667.761253
30.0,91,93668.656676
57.0,773,93674.439389
46.0,612,93710.781418
38.0,87,93711.524039
62.0,109,93712.477101
62.0,78,93918.457021
53.0,2000,93939.936232
25.0,36,93940.344013
65.0,2000,94160.690084
69.0,76,94365.442857
37.0,367,94368.938217
48.0,2000,94590.347199
53.0,250,94591.963865
54.0,655,94596.913404
70.0,158,94597.940309
45.0,173,94599.304671
48.0,337,94601.874479
55.0,437,94814.431901
38.0,72,94814.921887
61.0,156,94815.997614
31.0,734,94821.304151
69.0,533,94825.182026
26.0,301,95033.587927
39.0,232,95035.48529
42.0,182,95036.548566
50.0,83,95037.159675
34.0,2000,95263.780049
60.0,62,95264.224829
74.0,162,95265.349812
57.0,597,95270.200023
57.0,106,95271.063668
78.0,897,95483.020092
61.0,86,95483.644739
79.0,253,95485.285866
59.0,111,95571.001515
41.0,652,95575.766411
70.0,135,95576.64181
48.0,103,95577.262069
49.0,108,95577.876648
10.0,39,95578.109401
36.0,300,95814.067554
78.0,367,95816.50404
44.0,2000,96071.219654
63.0,135,96072.163154
57.0,1852,96335.544109
81.0,2000,96562.731849
41.0,2000,96860.76839
55.0,64,96861.156705
61.0,168,96862.209961
39.0,67,96862.693135
88.0,135,96863.649134
52.0,564,96869.444146
44.0,1370,97108.185
55.0,185,97134.639981
50.0,101,97135.714533
69.0,207,97137.169699
45.0,1019,97149.342669
50.0,228,97404.977525
65.0,2000,97640.230277
28.0,2000,97914.765294
52.0,617,97919.589032
55.0,57,97920.023182
67.0,585,97924.123534
66.0,55,97924.486602
81.0,394,97927.403895
52.0,78,97927.882927
52.0,194,98135.165382
38.0,167,98136.643298
46.0,218,98138.113006
29.0,360,98141.110202
46.0,305,98143.192594
47.0,2000,98369.268127
70.0,73,98369.717598
80.0,140,98381.276734
71.0,147,98382.255847
50.0,77,98382.814751
47.0,179,98384.27728
50.0,761,98597.411805
29.0,275,98599.525046
60.0,285,98601.494287
36.0,418,98604.297899
34.0,2000,98976.141859
70.0,169,98977.692408
51.0,2000,99237.187948
63.0,89,99237.677216
55.0,2000,99457.461628
37.0,252,99459.086266
54.0,265,99461.339697
57.0,82,99668.965392
33.0,331,99671.268393
60.0,207,99672.577208
29.0,251,99674.173988
45.0,589,99678.086864
50.0,73,99678.553856
46.0,620,99887.454427
40.0,117,99888.45307
73.0,79,99889.467197
79.0,65,99890.081154
57.0,377,99893.444726
38.0,95,99894.184615
27.0,2000,100114.846014
26.0,62,100115.235092
48.0,239,100117.00456
80.0,85,100117.656183
57.0,85,100118.508491
64.0,653,100122.829386
51.0,70,100123.281778
82.0,234,100340.167405
52.0,96,100340.832829
38.0,249,100342.620379
32.0,167,100378.047358
42.0,251,100415.300425
61.0,109,100416.110435
45.0,1233,100643.923519
52.0,368,100649.062831
74.0,1713,100892.037711
47.0,108,100893.096958
54.0,84,100893.812504
60.0,164,100895.204787
68.0,108,100895.882545
26.0,121,100896.752285
55.0,436,100901.410295
53.0,73,100901.983863
44.0,111,100902.808117
49.0,273,100904.743497
46.0,87,100905.379918
22.0,214,100907.102699
77.0,1141,101117.946398
40.0,990,101125.730771
37.0,47,101332.887183
67.0,189,101334.841454
41.0,791,101342.214869
33.0,360,101345.301162
53.0,89,101346.050764
57.0,99,101346.816903
55.0,1509,101562.413578
68.0,561,101567.467385
69.0,101,101568.186035
40.0,66,101568.712834
60.0,337,101772.531972
42.0,213,101774.594321
61.0,67,101775.195983
57.0,178,101776.782298
69.0,179,101778.378958
47.0,1405,102002.289074
62.0,811,102009.185677
48.0,268,102011.320077
4.0,248,102013.155882
61.0,1120,102279.977245
75.0,259,102302.973583
65.0,327,102305.492245
46.0,287,102307.686633
57.0,2000,102525.941261
64.0,79,102526.534307
88.0,113,102527.37504
67.0,98,102528.017776
32.0,368,102530.929746
68.0,267,102740.427889
31.0,263,102742.285855
50.0,110,102743.173095
56.0,129,102744.293178
48.0,117,102745.208091
59.0,1521,102960.582874
53.0,161,102961.495714
56.0,141,102962.287426
39.0,2000,103222.775287
17.0,2000,103464.653305
57.0,1301,103473.372171
39.0,2000,103697.858097
46.0,139,103698.882344
60.0,2000,103925.127548
71.0,200,103926.659808
69.0,139,104134.267348
58.0,146,104139.997644
69.0,196,104146.374639
41.0,2000,104367.950283
44.0,792,104373.408814
68.0,265,104375.579754
53.0,1636,104622.730588
64.0,1699,104844.69236
64.0,2000,105078.3225
35.0,122,105079.467645
65.0,121,105080.686373
33.0,144,105082.120024
53.0,103,105083.107738
71.0,79,105084.043977
22.0,89,105084.870999
74.0,185,105086.728529
63.0,106,105087.824452
45.0,290,105200.429002
63.0,120,105201.772178
45.0,2000,105427.177253
29.0,831,105641.159184
63.0,185,105642.385985
46.0,185,105668.243858
49.0,243,105669.886458
54.0,1057,105912.049066
66.0,494,105915.951591
45.0,378,105919.767759
66.0,74,105920.455887
61.0,181,105922.187051
45.0,606,106136.836439
50.0,987,106150.14794
29.0,1230,106386.621151
42.0,320,106388.79276
77.0,82,106389.37974
54.0,85,106389.951471
42.0,612,106394.154261
63.0,193,106395.711984
66.0,101,106396.536201
33.0,94,106397.386028
68.0,110,106398.407823
38.0,320,106611.671041
59.0,387,106614.273952
40.0,93,106614.839419
62.0,238,106616.546128
53.0,85,106617.369062
50.0,343,106619.830576
58.0,311,106622.134467
77.0,263,106650.767946
48.0,171,106652.433563
63.0,1027,106904.80744
40.0,2000,107160.182199
46.0,1261,107371.890793
52.0,2000,107614.154451
54.0,144,107615.40644
42.0,187,107663.403565
65.0,398,107669.708488
39.0,1397,107884.339399
35.0,177,107885.538727
82.0,684,107893.343695
69.0,202,107895.247244
52.0,312,107898.027977
68.0,159,107899.690032
74.0,1259,108109.849882
29.0,2000,108328.739327
56.0,1481,108548.150062
62.0,138,108549.422344
42.0,148,108550.834922
81.0,75,108551.353762
41.0,175,108552.490621
63.0,2000,108770.601255
53.0,131,108771.62295
60.0,207,108772.966024
60.0,105,108773.672845
70.0,79,108774.241266
30.0,257,108776.179283
40.0,756,108984.06007
51.0,178,108985.448835
61.0,455,108989.079009
47.0,891,108995.805173
56.0,108,108996.560158
40.0,150,108997.469176
48.0,116,109198.71993
75.0,662,109204.011658
57.0,415,109207.185397
62.0,341,109210.148497
57.0,95,109210.7852
45.0,119,109211.58804
75.0,216,109213.759894
49.0,456,109423.345348
52.0,126,109424.483929
49.0,124,109425.728289
60.0,268,109428.481874
52.0,64,109429.059505
77.0,186,109430.607186
51.0,322,109460.202263
57.0,86,109460.908115
34.0,104,109461.726671
37.0,165,109463.026842
55.0,217,109464.852124
68.0,1909,109723.51448
40.0,1633,109962.096221
86.0,196,109963.91923
52.0,173,109965.396303
51.0,174,109967.041156
59.0,215,110211.182767
53.0,422,110213.989605
48.0,651,110236.641384
61.0,79,110237.179048
48.0,62,110240.35338
66.0,146,110241.599035
44.0,59,110242.208482
35.0,126,110243.299137
39.0,2000,110493.403007
67.0,251,110521.555609
45.0,68,110522.118484
63.0,2000,110767.299075
65.0,198,110972.390944
39.0,1217,110986.432189
33.0,1508,111204.075773
47.0,162,111205.108978
55.0,174,111206.513452
60.0,570,111211.56696
58.0,1251,111421.703594
77.0,166,111423.250537
43.0,1157,111635.548861
55.0,157,111638.079645
43.0,239,111653.692667
58.0,924,111661.278845
43.0,83,111661.782706
64.0,144,111662.748986
31.0,233,111664.805835
61.0,2000,111883.686777
61.0,811,112091.064901
61.0,93,112091.786539
76.0,131,112093.057583
42.0,1369,112315.21348
57.0,580,112319.940092
64.0,162,112321.163864
65.0,207,112322.652969
33.0,1086,112533.235942
58.0,461,112537.615355
61.0,1056,112571.764626
49.0,69,112597.556456
35.0,2000,112819.944951
73.0,82,112820.776167
60.0,113,112821.814153
50.0,209,113026.343394
62.0,295,113028.481933
54.0,97,113029.126565
61.0,478,113033.165568
28.0,119,113034.023417
59.0,129,113035.028019
61.0,585,113039.640361
30.0,2000,113262.962805
24.0,363,113471.344982
40.0,302,113474.014926
45.0,79,113474.74211
45.0,1180,113486.171716
85.0,2000,113705.864239
24.0,2000,114016.957071
45.0,165,114018.106898
64.0,211,114019.522467
57.0,191,114240.475277
72.0,79,114240.995828
35.0,429,114243.972862
79.0,64,114244.368613
72.0,108,114245.09782
62.0,87,114245.64598
55.0,84,114246.21613
39.0,247,114247.868616
81.0,359,114250.709872
56.0,87,114251.273043
40.0,290,114253.181552
85.0,120,114253.991946
61.0,100,114641.143439
46.0,79,114641.860875
62.0,1041,114696.634475
49.0,318,114699.265968
57.0,117,114699.982047
67.0,137,114700.924299
55.0,69,114701.402372
51.0,2000,114923.457811
33.0,103,114924.420776
43.0,1261,115141.918331
62.0,79,115142.458098
80.0,152,115143.717448
42.0,76,115144.177022
60.0,1273,115362.386566
62.0,148,115364.8402
47.0,956,115371.285692
35.0,121,115372.011845
60.0,263,115580.20876
53.0,157,115581.43145
38.0,1451,115590.97536
44.0,401,115593.431395
25.0,102,115803.14468
23.0,37,115803.419947
77.0,58,115803.892435
44.0,140,115804.923111
53.0,55,115805.334306
58.0,63,115805.829559
41.0,77,115806.41727
1.0,85,115807.086233
38.0,653,115812.51037
51.0,1031,116027.321499
32.0,69,116027.747303
41.0,61,116028.178972
51.0,403,116030.931877
29.0,1495,116289.311404
50.0,180,116290.436749
35.0,2000,116512.095343
42.0,313,116514.422223
63.0,283,116516.378916
56.0,2000,116735.767107
59.0,106,116736.430312
67.0,2000,116957.563151
31.0,381,116960.935571
30.0,62,116961.382451
48.0,163,116962.606863
51.0,117,116963.558899
59.0,55,116964.017489
27.0,447,117173.404372
58.0,850,117179.443018
55.0,153,117180.476559
75.0,2000,117398.179975
47.0,650,117403.48119
71.0,79,117404.080239
42.0,859,117614.889153
54.0,101,117615.832681
55.0,677,117621.030546
61.0,1115,117845.622424
54.0,217,117847.364982
65.0,70,117847.825114
87.0,98,117848.454767
53.0,95,117849.12168
23.0,157,117850.188467
30.0,196,117851.483705
58.0,97,117852.113923
31.0,217,117854.032496
36.0,214,117855.883543
36.0,1090,118088.458012
47.0,714,118093.387993
48.0,57,118093.820854
44.0,173,118094.902012
66.0,374,118344.453501
57.0,112,118345.16627
45.0,55,118345.536157
33.0,583,118371.532033
53.0,70,118372.112451
40.0,507,118395.182782
53.0,2000,118624.636839
29.0,146,118625.864354
30.0,51,118626.309449
30.0,324,118628.876257
62.0,1134,118840.469966
68.0,566,118844.480616
70.0,165,118845.697576
38.0,119,118846.503953
44.0,165,118847.733526
48.0,550,119059.419611
62.0,873,119064.951111
48.0,882,119275.201559
75.0,897,119280.939608
44.0,2000,119497.717581
67.0,129,119498.767664
64.0,288,119501.679446
40.0,368,119505.018301
40.0,59,119505.482724
66.0,390,119710.437527
42.0,140,119711.68209
56.0,135,119712.90467
42.0,492,119736.284829
53.0,1652,119976.073452
49.0,2000,120193.422574
66.0,2000,120410.630712
39.0,2000,120629.168003
58.0,747,120634.449696
75.0,1506,120849.223615
53.0,94,120850.007845
61.0,252,120852.099991
23.0,1245,121070.376777
81.0,341,121072.623802
65.0,360,121074.971535
78.0,2000,121293.071658
57.0,170,121294.519396
67.0,949,121302.400026
17.0,120,121531.98012
37.0,255,121534.391868
49.0,115,121535.482503
65.0,831,121543.21051
50.0,2000,121762.8894
74.0,2000,121981.496294
46.0,665,121985.920332
64.0,128,121986.706424
75.0,279,122195.484433
47.0,2000,122414.117572
59.0,2000,122632.536699
55.0,114,122633.290892
60.0,1408,122643.325821
