#{"t_start": 1673971686.779695, "env_id": "sokoban-turtle-v0"}
r,l,t
-17.0,39,4.282526
0.0,31,5.013696
-2.0,47,7.112346
-14.0,50,129.219897
-10.0,41,130.347968
-14.0,39,131.637024
-13.0,50,133.695311
2.0,45,135.34765
-5.0,45,136.574958
-8.0,37,173.076267
-20.0,45,174.701911
-2.0,44,176.90684
-12.0,35,239.393393
-4.0,66,463.453675
9.0,48,465.029395
-11.0,35,547.135009
-23.0,42,548.173429
-21.0,47,549.98716
-2.0,45,601.842875
-16.0,42,603.767361
-10.0,42,606.38349
-14.0,44,607.633982
-4.0,39,725.541888
0.0,37,850.756678
-8.0,43,852.512089
-6.0,58,855.973713
-12.0,37,858.23658
-18.0,45,888.626802
-8.0,50,947.481339
-4.0,34,948.874298
-16.0,48,950.606012
-26.0,43,952.195278
-21.0,46,1011.168267
-4.0,44,1012.170127
-6.0,51,1014.545033
-10.0,50,1067.393326
-10.0,56,1341.953167
-14.0,35,1343.834608
-8.0,31,1634.713952
-17.0,50,1635.54482
-22.0,40,1637.412813
4.0,47,1640.381639
-2.0,39,1641.905635
0.0,43,1643.539419
-26.0,51,1782.642194
-11.0,49,1830.423526
-3.0,43,2075.29209
-12.0,38,2076.625872
-18.0,40,2078.936477
8.0,35,2177.040396
2.0,48,2445.624942
-8.0,48,2448.206625
-4.0,49,2689.382158
-12.0,34,2691.781143
-5.0,45,2693.488495
8.0,48,2935.444437
-10.0,47,2938.481548
-2.0,59,2973.629977
-2.0,36,2975.376528
-10.0,39,2978.005511
-6.0,56,2981.768154
-7.0,58,3558.96365
-3.0,44,3560.29513
-18.0,52,3608.304254
-4.0,52,3736.154823
-1.0,36,3738.367365
2.0,35,3739.859491
-6.0,43,3804.804303
183.0,16,3866.547799
2.0,47,3869.248784
1.0,34,3871.27596
-13.0,55,3873.308738
12.0,41,3874.89093
0.0,44,3876.331974
-13.0,53,3878.307137
4.0,54,3879.790252
-16.0,39,3943.145905
11.0,40,3945.194363
4.0,43,3946.9624
-2.0,41,4028.866182
-8.0,42,4274.770046
-2.0,42,4424.484045
4.0,41,4427.287524
-3.0,39,4428.401969
-8.0,33,4430.439442
-2.0,37,4589.261538
-9.0,43,4645.008927
-2.0,54,4690.407361
-8.0,49,4692.071221
-6.0,50,4730.232712
-14.0,47,4734.477315
-14.0,54,4738.167135
5.0,55,5012.273784
6.0,40,5171.676982
2.0,57,5174.491862
8.0,40,5177.47269
-7.0,56,5181.297165
-8.0,50,5183.517329
-14.0,45,5185.880517
-6.0,42,5187.679394
-4.0,50,5190.222409
-2.0,45,5273.743266
-2.0,45,5276.165902
2.0,42,5307.180646
-2.0,38,5309.291931
-8.0,48,5312.034633
-13.0,50,5363.059436
-6.0,37,5364.081452
0.0,31,5366.332891
-2.0,40,5369.049015
2.0,42,5370.821796
-10.0,38,5372.48517
-9.0,54,5375.144509
-17.0,56,5384.925284
2.0,44,5417.56568
-4.0,30,5418.617948
10.0,40,5421.077356
-10.0,52,5423.98543
1.0,33,5425.50672
-6.0,54,5428.066847
-9.0,30,5501.474321
-2.0,45,5503.670822
0.0,37,5505.601665
-4.0,44,5508.400626
-2.0,47,5511.687698
3.0,30,5515.028946
7.0,46,5618.496084
4.0,37,5620.227103
0.0,52,5677.215058
10.0,52,5734.201905
7.0,55,5737.30767
-2.0,54,5740.23999
6.0,46,5741.22975
1.0,36,5816.485336
-4.0,39,5817.853951
-11.0,46,5820.568588
5.0,42,5826.966831
9.0,29,5828.365743
6.0,44,5830.077055
-8.0,56,6043.964675
-4.0,40,6045.723827
-2.0,49,6244.778451
-2.0,41,6346.241965
3.0,54,6434.236513
2.0,60,6489.644163
0.0,34,6540.635232
-10.0,42,6542.758808
-8.0,45,6545.424333
0.0,34,6638.612878
-2.0,42,6640.057153
1.0,53,6641.785539
-6.0,40,6645.227971
-1.0,43,6749.810093
-4.0,45,6751.555358
10.0,75,6786.832984
-2.0,35,6788.690037
-1.0,39,6790.583961
2.0,46,6791.725364
6.0,49,6798.611926
-14.0,42,6800.682882
0.0,47,6908.934609
8.0,51,6910.557067
-12.0,39,7018.013016
-6.0,52,7241.090661
2.0,56,7365.987074
-3.0,43,7605.021186
-4.0,43,7672.419601
6.0,35,7704.485734
0.0,59,7707.886798
0.0,43,8194.405858
-10.0,42,8196.625926
6.0,53,8198.710066
2.0,44,8303.704694
-6.0,45,8306.27126
13.0,35,8308.548964
4.0,42,8411.760273
4.0,44,8414.474699
-7.0,43,8767.622491
-4.0,41,8896.501391
0.0,51,9092.130606
4.0,52,9650.656276
-8.0,45,9652.897193
5.0,41,9654.986899
0.0,40,9657.308788
-2.0,39,10144.950164
-6.0,41,10231.787002
-8.0,65,10671.772805
-4.0,50,10776.570094
2.0,65,10957.997375
0.0,44,11050.032988
0.0,49,11053.745616
-5.0,54,11195.301547
-12.0,44,11198.82394
4.0,40,11201.660979
-8.0,35,11296.720335
14.0,48,11299.848505
4.0,38,11361.313257
8.0,41,11437.704331
11.0,37,11477.278701
-2.0,37,11509.16744
-2.0,39,11541.466491
2.0,51,11578.297374
7.0,55,11860.728148
4.0,51,11862.600523
3.0,48,11865.578516
18.0,59,11868.898831
2.0,62,11982.292489
0.0,52,12096.812659
0.0,53,12098.939918
2.0,40,12100.476737
10.0,43,12102.950756
-3.0,46,12228.556043
-6.0,34,12231.51392
16.0,57,12321.741982
3.0,38,12398.713752
2.0,39,12401.308639
12.0,46,12403.817314
6.0,59,12407.608795
8.0,44,12410.583897
4.0,52,12412.560827
0.0,56,12475.216241
4.0,41,12476.227267
2.0,41,12478.922619
2.0,41,12839.660683
-6.0,52,13111.797946
6.0,43,13157.517699
0.0,37,13160.172752
-3.0,41,13237.918322
2.0,43,13448.360561
2.0,40,13450.399378
-4.0,39,13940.479066
-3.0,44,14290.420459
6.0,36,14414.330314
-8.0,39,14417.905801
10.0,48,14474.359523
2.0,45,14547.749949
-5.0,44,14673.357758
18.0,50,14830.936671
-3.0,43,15246.779642
-3.0,53,15250.016544
14.0,58,15252.68697
2.0,58,15255.377607
7.0,54,15258.098934
-1.0,41,15259.7475
6.0,43,15290.756424
0.0,40,15569.521037
-5.0,40,15571.907157
-6.0,39,15574.59847
8.0,59,15577.500536
0.0,45,15579.897392
-2.0,31,15731.324924
-6.0,36,15767.355902
9.0,46,15832.921728
2.0,38,15860.223707
-1.0,38,15862.574496
6.0,38,15865.578526
6.0,49,15869.092519
8.0,44,15871.333824
12.0,49,15948.271474
-4.0,41,15949.843116
5.0,37,16017.887147
-4.0,42,16403.689284
0.0,37,16405.270897
6.0,49,16408.372136
-8.0,46,16411.308252
6.0,37,16413.845823
0.0,37,16416.088006
4.0,40,16418.999894
-2.0,48,16498.106331
-3.0,38,16555.815181
16.0,47,16559.138306
-7.0,43,16621.714411
-4.0,39,16891.212727
3.0,34,17157.045166
4.0,63,17591.857525
0.0,44,17833.731846
12.0,48,17837.625811
-4.0,36,17840.849445
10.0,40,17844.694179
-4.0,72,18132.105014
11.0,40,18244.09573
1.0,35,18625.862179
2.0,40,18859.887883
2.0,44,18861.76354
8.0,46,18863.825031
-4.0,35,18865.185235
2.0,48,18920.906862
2.0,35,19113.937947
-2.0,36,19115.85677
7.0,29,19117.170338
4.0,34,19119.324532
-2.0,48,19121.766158
-6.0,44,19131.597527
1.0,40,19309.255918
-2.0,41,19349.768583
4.0,32,19351.068833
-4.0,45,19353.815261
8.0,52,19357.439441
2.0,55,19614.881667
4.0,54,19618.153018
-4.0,41,19620.61456
6.0,60,19623.325115
-4.0,41,19625.423533
2.0,57,19628.943323
8.0,37,19630.984482
21.0,68,19634.269125
6.0,40,19757.287816
0.0,51,20337.383737
5.0,51,20340.415637
-4.0,46,20343.118063
0.0,33,20402.871598
2.0,31,20785.738912
4.0,44,20976.868329
8.0,41,20979.420667
14.0,41,20986.451129
10.0,55,21049.216761
-8.0,43,21137.689756
0.0,43,21140.126186
0.0,34,21269.109056
-3.0,35,21424.022453
-2.0,40,21584.584189
11.0,41,21915.896086
2.0,54,22195.271519
7.0,52,22294.458814
11.0,43,22385.008484
4.0,46,22602.101827
0.0,43,22681.468052
10.0,42,22922.050717
4.0,43,23146.106256
4.0,39,23168.650625
-2.0,44,23171.248898
5.0,52,23207.965437
-2.0,53,23235.378837
0.0,43,23237.589922
0.0,57,23240.777335
3.0,37,23393.878597
0.0,46,23396.82383
0.0,51,23563.35223
-8.0,73,23614.136496
-2.0,37,23731.770997
0.0,43,24222.409265
11.0,51,24225.494611
10.0,44,24466.300225
9.0,59,24999.060279
5.0,41,25001.868981
2.0,61,25134.538565
-2.0,49,25193.367337
14.0,50,25196.714519
9.0,46,25324.881074
12.0,36,25327.081044
2.0,38,25330.333801
-2.0,43,25334.163909
10.0,40,25335.584073
8.0,49,25337.529295
10.0,47,25339.707618
0.0,42,25340.336672
11.0,57,25343.675543
6.0,45,25403.293915
-5.0,59,25482.164839
-6.0,45,25692.474432
4.0,47,25695.275124
-8.0,62,25697.782501
6.0,51,25699.858355
-1.0,46,25701.723681
-2.0,68,25958.279627
-4.0,46,26216.418922
4.0,44,26219.184634
2.0,53,26223.265471
2.0,45,26227.874304
0.0,58,26442.743709
-8.0,59,26447.682859
3.0,46,26449.842453
0.0,44,26451.759783
3.0,33,26453.089389
2.0,42,26518.382433
0.0,68,26620.912925
0.0,55,26623.822187
-6.0,47,26679.389617
-2.0,39,26681.318735
4.0,40,26682.774834
8.0,51,26734.492887
-2.0,70,26848.719716
12.0,43,27191.437498
-6.0,53,27253.882532
0.0,59,27256.715447
8.0,38,27296.019848
0.0,39,27298.819238
5.0,48,27302.919111
2.0,37,27360.509547
0.0,46,27363.173939
0.0,48,27365.230731
4.0,47,27368.413872
-3.0,41,27455.887493
-4.0,56,27585.050214
-1.0,41,27586.88264
1.0,35,27630.779415
2.0,58,27720.760551
8.0,33,27764.938184
-11.0,45,27855.062161
0.0,42,27857.352515
4.0,59,27930.813571
4.0,43,27933.684548
4.0,43,28019.230177
2.0,51,28288.748246
22.0,49,28291.349557
4.0,51,28408.308594
7.0,53,29093.483753
0.0,38,29094.946702
0.0,36,29308.845123
-2.0,52,29312.176441
2.0,54,29316.011517
-2.0,37,29319.191882
4.0,59,29409.029943
-4.0,50,29627.84199
-2.0,35,29753.702497
12.0,80,29920.866319
11.0,34,30300.78196
4.0,39,30303.946125
4.0,49,30306.067845
0.0,54,30453.714065
-2.0,50,30501.964198
0.0,46,30588.180837
2.0,40,30591.067413
-2.0,29,30604.088347
-5.0,38,30617.981833
8.0,51,30811.108627
-12.0,43,30945.514102
4.0,44,31025.252515
11.0,67,31138.627648
-10.0,42,31140.74825
-4.0,52,31143.484032
8.0,61,31339.051328
0.0,56,31503.556298
12.0,44,31505.691116
6.0,68,31509.406078
-14.0,60,31891.810975
26.0,53,32012.352825
9.0,52,32014.965322
-2.0,61,32018.629758
9.0,70,32185.230248
8.0,31,32252.506558
0.0,44,32255.25743
21.0,55,32258.792954
7.0,59,32262.353872
14.0,37,32333.975871
5.0,45,32362.194408
14.0,53,32531.169024
-2.0,56,32649.833724
0.0,39,32760.969758
0.0,43,32981.298244
0.0,50,32984.134945
-1.0,53,32988.270066
22.0,50,33208.700226
6.0,62,33243.623168
8.0,42,33790.79364
0.0,35,33888.450806
18.0,47,34391.047642
0.0,48,34435.32494
0.0,37,34437.324479
-6.0,52,34530.104692
7.0,41,34827.02567
2.0,40,34987.521947
2.0,59,34990.503168
22.0,49,34992.966781
13.0,37,35032.429049
4.0,40,35393.297193
8.0,62,35441.224519
-4.0,54,35484.27999
-2.0,41,36116.275768
24.0,44,36119.859266
9.0,46,36248.440616
23.0,60,36251.642496
14.0,46,36254.035664
0.0,44,36352.585706
6.0,50,36356.240127
-4.0,45,36576.07854
-6.0,44,36578.225723
-2.0,51,36795.410083
11.0,36,36798.26506
4.0,41,36974.521071
-2.0,48,37249.993245
-5.0,56,37301.41868
4.0,55,37379.398553
8.0,57,37382.788102
-10.0,52,37602.800041
-3.0,47,37605.383629
8.0,51,37607.344894
6.0,61,37610.732759
19.0,50,37614.399483
4.0,37,37616.729251
-4.0,65,37943.350821
-16.0,39,37944.720852
2.0,36,38152.924014
12.0,57,38155.064737
0.0,37,38180.679973
0.0,52,38184.31793
8.0,46,38185.779182
0.0,51,38188.528009
0.0,64,38192.314985
12.0,56,38283.849306
2.0,29,38285.749247
-8.0,45,38288.316164
12.0,54,38338.734831
15.0,43,38340.601665
6.0,36,38343.063361
-2.0,59,38346.483012
-2.0,53,38349.760558
8.0,59,38353.913488
8.0,52,38357.46698
9.0,53,38360.11395
5.0,49,38362.929912
5.0,52,38672.71317
2.0,49,38695.432992
2.0,51,38741.269693
-1.0,71,38745.623891
2.0,51,38747.393049
4.0,70,38751.628523
-2.0,45,38752.976503
8.0,53,38875.9301
-4.0,60,38984.741169
5.0,52,39025.214986
-6.0,54,39121.018705
-12.0,48,39258.53243
-4.0,45,39306.355109
8.0,51,39310.228813
0.0,38,39522.454506
8.0,42,39679.143983
13.0,66,39916.207403
2.0,49,40043.549059
-14.0,40,40046.201634
6.0,25,40047.781936
8.0,63,40051.238186
-2.0,59,40053.301817
-2.0,35,40257.613793
-8.0,52,40260.130895
0.0,43,40263.538718
4.0,43,40294.45266
0.0,37,40296.898025
4.0,37,40299.181905
10.0,56,40521.562031
-4.0,44,40597.788594
8.0,44,40850.666769
4.0,55,40853.068128
0.0,37,40855.188727
14.0,49,40957.328786
5.0,61,40961.176032
11.0,45,40991.323123
-2.0,44,40993.863528
12.0,64,41230.344951
10.0,57,41375.078502
0.0,46,41484.873278
0.0,40,41487.424139
2.0,50,41546.389194
5.0,41,41862.096403
2.0,47,42110.442896
-6.0,51,43005.471679
12.0,69,43180.884037
-1.0,58,43311.565362
-1.0,46,43314.482711
-2.0,74,43353.319294
10.0,55,43480.922641
4.0,34,43483.124925
2.0,48,43717.967729
2.0,53,43759.500953
6.0,44,44131.501588
13.0,67,44319.427003
8.0,56,44323.00886
-3.0,41,44399.795238
25.0,60,44457.49013
0.0,36,44603.390153
1.0,51,44606.055549
0.0,38,44608.511972
-4.0,69,44611.137874
-6.0,59,44614.489098
-4.0,47,44826.981788
11.0,48,44829.235043
11.0,50,44831.305463
-12.0,44,44916.772267
9.0,34,44921.487153
-4.0,53,44938.236716
0.0,35,45066.161878
10.0,57,45255.50801
22.0,45,45426.637938
19.0,42,45485.864079
2.0,55,45517.349234
12.0,59,45675.663985
0.0,40,45916.872682
7.0,43,45918.942922
1.0,47,45922.045884
10.0,63,45969.096338
0.0,55,46303.353503
21.0,50,46353.361919
6.0,47,46380.220073
4.0,37,46382.129779
12.0,54,46494.755382
-8.0,50,46497.834003
-2.0,50,46547.551074
6.0,49,46623.836109
6.0,54,46626.887238
7.0,43,46691.262724
17.0,63,46696.455111
1.0,51,46699.888794
6.0,59,46703.598851
8.0,43,46832.544939
3.0,41,46834.490849
-4.0,61,47649.425878
17.0,58,47837.204605
-2.0,63,47840.983422
11.0,58,47844.248378
4.0,40,47846.636218
0.0,67,47851.875483
12.0,54,48161.809219
0.0,48,48295.089627
6.0,41,48343.760741
2.0,44,48473.619542
-4.0,35,48953.761772
10.0,55,48955.961946
4.0,36,48957.892153
-4.0,48,48961.045088
0.0,40,48964.250209
0.0,73,48981.553063
4.0,32,49087.705372
6.0,90,49684.66343
6.0,59,49850.306692
6.0,47,49853.659884
4.0,50,50070.96684
10.0,57,50072.850518
14.0,42,50074.85563
4.0,62,50203.394175
-10.0,39,50366.149206
1.0,58,50440.65267
-6.0,26,50557.682681
16.0,63,50733.961214
6.0,57,50852.614775
-6.0,60,50968.339604
9.0,52,51017.007663
7.0,75,51214.916036
2.0,49,51264.371292
-5.0,44,51462.443402
4.0,78,51467.147644
8.0,48,51499.564669
2.0,47,51561.783935
0.0,50,51564.588237
-21.0,55,51567.560101
2.0,85,51983.147272
8.0,60,52113.960257
0.0,42,52115.896788
12.0,48,52216.960331
10.0,69,52278.800124
6.0,59,52381.787906
9.0,56,52451.889295
10.0,69,52839.196796
-8.0,52,52978.063828
-6.0,51,53220.217242
2.0,72,53381.614229
15.0,69,53680.772445
0.0,55,53684.082114
17.0,61,53687.672753
4.0,40,54229.766764
3.0,54,54464.622065
10.0,55,55216.964352
-2.0,34,55219.443965
0.0,53,55702.382812
0.0,80,55751.565
15.0,56,55754.509983
0.0,69,55768.36388
-4.0,42,55853.613136
-6.0,59,56016.837162
0.0,62,56056.38073
0.0,74,56060.576602
8.0,42,56063.471807
2.0,27,56065.374049
-6.0,56,56301.997084
6.0,57,56499.177202
4.0,44,56500.793903
4.0,72,56561.754908
5.0,39,56564.323548
-8.0,52,56618.507396
4.0,36,56707.38341
13.0,53,56758.60377
12.0,47,56761.499301
2.0,73,56803.8571
10.0,66,56808.389348
8.0,65,57617.171625
12.0,60,57740.012966
16.0,55,57743.072269
4.0,47,57823.163841
-6.0,57,58078.32989
6.0,59,58081.635632
4.0,60,58340.307756
12.0,46,59025.827893
-2.0,68,59223.040413
-2.0,66,59326.562194
5.0,67,59519.506528
10.0,64,60100.863087
0.0,44,60104.06829
11.0,55,60107.817042
15.0,55,60110.865609
2.0,71,60400.8915
9.0,83,60588.009753
27.0,57,60647.569714
7.0,52,60650.299956
6.0,55,60653.178668
6.0,79,60688.490749
0.0,56,60796.681546
-8.0,46,60835.487858
0.0,35,60836.994722
18.0,65,60840.664248
4.0,76,60843.727532
13.0,59,60924.010166
-4.0,66,60927.232189
0.0,50,61044.758787
-6.0,36,61130.345203
4.0,65,61137.150522
-2.0,57,61369.974216
14.0,65,61543.200083
12.0,45,61611.304666
15.0,73,62172.291474
-6.0,50,62358.217015
6.0,44,62415.79793
12.0,41,62606.399095
2.0,59,62608.763383
19.0,58,62611.327396
0.0,55,62859.350578
8.0,47,62861.976656
-6.0,52,63075.933604
4.0,56,63184.604353
0.0,54,63240.538483
10.0,50,63242.305306
2.0,94,63247.465111
12.0,39,63399.417216
2.0,64,63458.071272
0.0,72,63463.433662
8.0,38,63547.978047
24.0,45,63550.416221
4.0,52,63715.397133
-4.0,62,64013.375285
0.0,53,64017.031509
2.0,42,64019.101434
0.0,70,64288.940478
-2.0,48,64642.02431
-4.0,55,64717.676804
-2.0,54,64780.155068
10.0,59,65209.582468
0.0,71,65213.259921
15.0,48,65216.487294
8.0,89,65222.47038
-4.0,63,65371.15622
-6.0,89,65627.079374
5.0,47,65758.193109
15.0,92,65977.831079
16.0,54,66009.366192
-2.0,52,66182.124062
-1.0,51,66357.907623
7.0,52,66401.880223
0.0,61,66406.132571
-4.0,36,66488.392557
3.0,69,66587.390434
-5.0,62,66591.94739
2.0,62,66595.918969
16.0,53,66812.013371
4.0,76,66816.503171
9.0,64,66821.412826
8.0,61,66825.315878
10.0,80,67158.769989
6.0,73,67162.007738
9.0,74,67165.299029
29.0,54,67250.1649
4.0,46,67483.782114
3.0,65,67948.288107
-2.0,62,68079.957992
-2.0,49,68083.295406
10.0,76,68259.429576
8.0,65,68405.098475
21.0,67,68620.523863
0.0,67,68829.347434
4.0,43,68886.384703
8.0,56,69225.121139
2.0,64,69228.854644
8.0,58,69311.390447
25.0,53,69394.654132
10.0,50,69398.213563
2.0,82,69404.883135
11.0,62,69408.094743
-8.0,59,69411.357733
10.0,75,69417.091439
-8.0,63,69594.061228
4.0,70,69735.835109
19.0,54,69842.043642
8.0,58,69844.699261
8.0,47,69846.809618
4.0,63,69850.168579
-2.0,80,70458.993938
8.0,50,70675.878875
9.0,78,70973.84552
-2.0,92,71178.301744
2.0,58,71181.228737
10.0,72,71183.706128
6.0,45,71184.998294
0.0,83,71345.598361
0.0,79,71605.095021
8.0,57,71762.75609
-4.0,45,71904.342167
25.0,59,72320.312737
0.0,69,72881.703722
-6.0,48,73274.434837
4.0,64,73535.623546
18.0,52,73767.706081
8.0,39,73834.524455
14.0,59,73837.287886
7.0,58,73840.365512
-4.0,67,73843.913327
-3.0,64,74109.459917
-6.0,55,74374.076254
5.0,82,75042.952214
10.0,45,75045.278732
10.0,85,75098.752
22.0,42,75132.970436
8.0,65,75217.010317
6.0,48,75398.928254
4.0,58,75401.487114
14.0,61,75403.385525
-1.0,72,75547.082938
18.0,57,75551.348502
12.0,38,75658.760032
0.0,48,75758.410806
10.0,81,76410.494948
4.0,41,76563.505003
20.0,50,76567.304343
23.0,54,76756.461977
4.0,79,76760.185002
8.0,63,76822.089008
8.0,65,76825.515295
-2.0,54,76829.600928
6.0,42,76831.775578
19.0,36,76897.406285
2.0,44,76899.817861
18.0,77,76904.312698
0.0,60,76907.218106
15.0,74,77120.720878
-6.0,81,77767.768341
11.0,66,77931.305146
-6.0,49,78229.2402
21.0,59,78231.205025
10.0,66,78242.414203
-4.0,59,78245.348183
4.0,97,78251.8917
4.0,72,78329.288516
-6.0,64,78607.54858
-4.0,64,78949.446797
-2.0,56,78952.790662
5.0,69,78957.043364
2.0,49,79084.066911
-4.0,42,79180.857414
-3.0,78,79273.221127
4.0,58,79576.947396
6.0,87,79580.470123
-2.0,69,79849.148744
2.0,46,79976.101472
0.0,41,79979.073988
4.0,72,80494.444641
0.0,69,80555.353976
2.0,65,80593.152631
3.0,61,80653.942163
-2.0,55,80657.559004
5.0,140,80901.051545
7.0,64,81098.222199
2.0,63,81101.521904
5.0,68,81105.343189
-5.0,63,81256.029652
2.0,84,81390.990196
16.0,85,81396.061485
8.0,41,81433.299259
0.0,66,81656.410575
-2.0,61,82399.152341
-4.0,76,82514.254655
4.0,111,82863.779317
6.0,61,83091.707456
-2.0,82,83340.92511
-6.0,99,83848.492305
0.0,70,84272.883942
0.0,58,84436.079057
0.0,76,84521.326338
-2.0,44,84572.441558
10.0,63,84575.678305
1.0,39,84577.98756
8.0,70,84581.501515
8.0,89,84955.26618
8.0,78,85512.975627
12.0,50,85552.750163
5.0,44,85600.919991
2.0,43,85670.781281
3.0,102,85976.935374
6.0,43,85979.78935
18.0,71,86234.331006
8.0,62,86291.229399
0.0,77,86537.032162
24.0,100,86607.299711
4.0,48,86769.797934
23.0,54,86866.418019
0.0,86,87004.860676
4.0,72,87469.282903
0.0,67,87473.607306
3.0,66,87537.3919
7.0,51,87714.087902
10.0,48,87854.201828
1.0,60,87965.932218
7.0,88,88277.800024
20.0,76,88701.540087
2.0,74,88778.228824
10.0,62,89075.478176
16.0,78,89079.260667
-6.0,78,89495.038496
2.0,87,89573.389753
8.0,85,89578.487073
10.0,74,89729.390593
13.0,76,89944.84654
9.0,77,90069.143618
-10.0,57,90285.601349
4.0,61,90371.093334
8.0,105,90469.960906
5.0,76,90670.518936
28.0,66,91005.634593
4.0,63,91131.330584
-4.0,60,91610.24212
5.0,65,91695.792352
-3.0,57,91767.190916
14.0,84,92003.906395
20.0,48,92141.183674
-2.0,78,92157.119108
10.0,96,92191.433565
8.0,54,92195.278353
17.0,104,92200.503463
2.0,66,92203.437587
-2.0,92,92528.757512
16.0,63,92935.038014
2.0,75,93027.297725
5.0,62,93031.014754
20.0,42,93224.158716
2.0,85,93228.932514
6.0,60,93232.737487
14.0,54,93437.998806
2.0,110,93515.525639
12.0,65,94470.175719
8.0,76,94624.061957
8.0,72,94909.503501
10.0,49,94942.479871
7.0,64,95391.52277
14.0,76,95691.676174
-6.0,48,95764.709018
-2.0,82,96228.483923
6.0,60,96531.695095
-4.0,55,96928.638422
8.0,141,97013.106734
18.0,49,97298.165722
8.0,59,97543.336782
6.0,94,97854.401191
6.0,78,97857.510589
9.0,127,98247.589828
4.0,37,98249.273327
10.0,68,98253.68919
1.0,89,98332.103059
5.0,57,98335.313358
2.0,50,98556.316615
2.0,110,98642.11136
10.0,67,98869.390135
11.0,100,99036.185888
14.0,67,99263.730583
0.0,70,99314.600153
-4.0,165,100143.491369
-2.0,68,100221.290097
4.0,57,100224.875783
2.0,84,100229.946643
2.0,70,100320.116985
4.0,65,100534.653417
12.0,99,100582.715988
18.0,62,100630.557833
-2.0,93,100707.596077
8.0,65,100807.03696
10.0,77,100811.271707
6.0,61,100815.254249
-2.0,57,100818.941911
21.0,66,100907.735169
13.0,73,101554.133823
10.0,65,101762.930803
14.0,78,102840.485649
12.0,44,102912.949831
8.0,76,103241.306799
11.0,53,103492.53261
4.0,61,103559.073444
19.0,60,103569.911739
20.0,98,103770.258373
7.0,52,103817.597638
11.0,59,103881.271845
-2.0,61,104252.001676
8.0,64,104255.289561
13.0,59,104258.592835
11.0,85,104323.097873
6.0,92,104720.255141
7.0,83,104772.155041
12.0,50,104774.71422
-8.0,93,105142.676799
8.0,121,105574.051416
2.0,89,105647.264927
14.0,102,105874.996566
16.0,64,106078.856309
13.0,49,106217.327524
22.0,69,106389.248067
16.0,127,106563.120898
9.0,53,106655.6116
4.0,73,106659.736034
9.0,79,106700.97417
-2.0,75,106781.590689
14.0,95,106912.847715
9.0,85,107019.502829
-10.0,72,107126.549248
4.0,144,107260.473011
9.0,73,107473.716627
7.0,101,107604.48719
0.0,87,108340.217409
2.0,81,108587.325994
1.0,83,108629.094977
12.0,86,109029.371196
150.0,77,109691.244341
4.0,112,109697.983544
10.0,71,109719.820124
10.0,62,109791.019544
3.0,60,110305.881892
18.0,59,110308.798351
-4.0,115,110330.622455
19.0,110,110844.760736
10.0,54,110847.41219
2.0,77,110920.238063
2.0,94,110926.208224
18.0,49,111095.537621
2.0,62,111517.665499
6.0,73,111752.446544
2.0,129,111851.029363
-2.0,70,112087.898662
4.0,77,112161.806457
-2.0,72,112293.438884
0.0,69,112298.083969
21.0,163,112405.723988
8.0,118,112791.097555
0.0,98,112808.78402
14.0,92,113101.998947
6.0,46,113135.653793
20.0,160,113576.014668
-10.0,60,113662.895116
4.0,61,113666.03308
18.0,70,113749.180076
9.0,42,113994.096269
26.0,79,114074.480373
-4.0,80,114137.629763
8.0,50,114291.106964
12.0,49,114571.150682
6.0,82,114575.611627
20.0,61,115111.838872
10.0,81,115114.777647
16.0,57,115117.361718
-5.0,108,115402.663784
-6.0,72,115520.434627
0.0,57,115567.757247
-6.0,80,115571.386305
33.0,133,115943.324009
2.0,115,116063.494678
-4.0,87,116097.893208
6.0,174,116266.722553
13.0,62,116444.288698
-8.0,88,116747.421575
0.0,68,116892.461618
-4.0,63,116964.857507
12.0,71,116969.809563
3.0,85,117157.242864
12.0,85,117702.964439
12.0,61,117742.33655
14.0,103,118722.312554
16.0,277,119514.891547
25.0,62,119637.478987
-4.0,95,119685.048484
23.0,51,119816.920413
10.0,68,119843.305509
24.0,65,120162.37179
19.0,91,120537.824442
2.0,77,120843.739721
10.0,59,120871.145581
-4.0,84,120876.965456
12.0,73,121199.569375
14.0,86,121317.362536
24.0,89,121737.181958
0.0,55,122070.435448
9.0,82,122301.044316
-2.0,72,122352.067229
0.0,86,122403.628548
24.0,70,122524.883821
-8.0,54,122897.818524
15.0,62,122923.000395
13.0,92,123806.518973
13.0,97,123825.71148
6.0,89,123964.927606
10.0,82,123985.59904
15.0,56,124500.912214
-1.0,76,124623.929074
0.0,130,124849.602782
-4.0,77,124854.197961
-2.0,81,125189.990369
31.0,92,125223.27856
12.0,87,125226.921533
8.0,140,125479.751122
8.0,103,125902.416094
4.0,55,126002.142288
6.0,129,126056.286506
8.0,76,126059.562935
2.0,78,126255.524722
4.0,100,126414.07208
4.0,62,126541.964413
2.0,63,126806.248683
6.0,67,127083.19138
20.0,72,127175.134177
3.0,48,127268.171311
6.0,78,127425.808663
4.0,64,127438.159668
13.0,340,127916.171494
-9.0,100,128038.066272
12.0,81,128092.684639
-2.0,56,128095.976183
-6.0,91,128151.054115
11.0,83,128370.544806
3.0,65,128374.4464
-3.0,109,129090.098618
-3.0,68,129094.192448
6.0,60,129168.393663
-4.0,74,129307.998042
-10.0,49,129340.849557
5.0,104,129552.666986
15.0,107,129674.476952
0.0,90,129718.386502
-10.0,69,129888.860192
-6.0,65,129892.266301
6.0,121,130089.374983
13.0,91,130245.423538
8.0,72,130843.248599
4.0,81,131100.554927
8.0,60,131239.343924
3.0,66,131709.264386
22.0,116,131848.802323
-8.0,74,131916.835683
-12.0,107,132125.841404
8.0,112,132342.564723
3.0,71,132557.824038
-2.0,54,132619.539011
30.0,87,132623.976014
14.0,64,132747.625079
10.0,81,132853.730167
26.0,98,132857.84858
13.0,84,133918.17325
7.0,102,134063.784442
-8.0,76,134581.131634
18.0,77,134824.78529
20.0,39,134856.853419
0.0,93,134861.867045
13.0,92,134962.452826
29.0,92,135059.686799
12.0,75,135139.655645
14.0,156,135211.745026
-2.0,99,135251.531132
2.0,77,135255.125851
12.0,96,135479.651485
26.0,80,135525.410868
2.0,86,135530.076637
3.0,74,135533.232269
16.0,82,135777.803049
6.0,80,135856.076375
9.0,90,136048.543466
9.0,104,136291.007456
3.0,169,136476.31826
7.0,78,136816.109782
-2.0,173,137010.855815
14.0,108,137060.056386
6.0,63,137063.513842
8.0,215,137362.107831
6.0,232,137932.024197
-6.0,87,137955.832996
2.0,93,137962.103292
12.0,83,137984.681759
7.0,67,138121.258455
12.0,77,138152.623266
8.0,138,138336.345749
5.0,160,138720.815957
-4.0,177,139192.169955
0.0,141,139597.387759
10.0,135,139835.76139
8.0,119,140202.975752
10.0,75,140245.845721
2.0,106,140250.864431
-2.0,150,141066.096194
1.0,86,141107.411717
-10.0,96,141337.678082
-6.0,89,141677.949279
-8.0,181,142207.146393
12.0,127,142480.028308
10.0,147,142610.552535
18.0,75,142822.49204
5.0,158,143080.741182
-8.0,103,143560.632315
19.0,113,143898.067152
20.0,85,143973.398576
24.0,48,144050.220459
27.0,70,144445.455389
26.0,107,144527.3846
-2.0,86,144619.467338
22.0,82,144622.878137
8.0,56,144768.027166
7.0,116,145111.195161
2.0,116,145437.419837
0.0,65,145550.054337
1.0,76,145812.559423
15.0,108,145915.5669
5.0,131,146042.765617
2.0,86,146167.61285
0.0,66,146170.976357
4.0,52,146173.510531
14.0,91,146219.300405
4.0,96,146269.624455
8.0,98,146482.382117
0.0,85,146840.861434
-2.0,110,147442.282876
8.0,138,147617.605016
15.0,67,147953.425672
7.0,146,148297.768694
-6.0,56,148413.201136
19.0,125,148495.041257
22.0,161,148801.012414
11.0,95,149332.998425
9.0,205,150253.070239
1.0,126,150883.212554
20.0,140,151142.81936
0.0,147,151518.20022
12.0,102,151631.945922
16.0,112,151829.803553
9.0,125,152205.049697
4.0,121,152618.121424
4.0,408,153412.133914
21.0,82,153589.764856
19.0,172,153801.550486
16.0,136,153931.129631
-6.0,99,153936.211064
0.0,47,153989.971197
14.0,95,154335.58756
21.0,131,154520.675101
13.0,100,154850.987116
16.0,127,155413.288047
14.0,89,155464.571783
6.0,72,155515.867157
27.0,143,155559.354885
28.0,88,155633.09138
4.0,95,155739.009676
10.0,196,156310.991714
10.0,281,156919.623881
10.0,207,158034.817256
19.0,118,158319.656472
13.0,120,158385.875235
9.0,126,158391.550178
8.0,153,158494.370487
17.0,81,158622.524994
10.0,104,158802.057972
6.0,102,158891.468442
10.0,86,158924.047142
6.0,84,159096.193373
7.0,112,159243.390682
-4.0,137,159305.856222
3.0,139,159501.37153
24.0,89,159598.320048
7.0,166,159805.590327
0.0,206,160034.560287
19.0,84,160313.193985
-4.0,171,160436.582924
7.0,109,160558.57928
-10.0,86,160698.958025
4.0,75,160966.719559
24.0,167,161588.290473
19.0,110,161661.311974
7.0,103,162348.14618
12.0,141,163163.785588
4.0,95,163342.830936
4.0,154,163785.658639
12.0,131,164385.649034
5.0,78,164659.449254
32.0,170,165154.505699
6.0,123,165624.502661
14.0,89,165860.142456
5.0,146,166058.393878
17.0,100,166358.783334
3.0,90,166947.899596
21.0,120,167113.300432
11.0,120,167346.833774
18.0,176,167463.276537
-10.0,169,167569.608086
24.0,98,167699.986631
12.0,94,167841.289918
24.0,179,168142.091456
0.0,213,169134.185078
23.0,80,169189.397219
1.0,87,169218.426539
10.0,100,169449.986786
15.0,74,169759.299825
25.0,168,170008.505561
23.0,116,170310.858571
14.0,112,170381.337297
31.0,137,171236.552939
6.0,110,171365.521878
8.0,133,171478.495749
10.0,138,171624.982944
25.0,184,171786.745896
6.0,80,171957.815149
10.0,115,172240.712771
8.0,121,172357.470106
5.0,141,172717.799269
0.0,193,172908.873924
7.0,116,173056.853245
24.0,198,173297.969209
16.0,136,173405.487123
10.0,89,173706.506511
0.0,151,173741.420359
-2.0,107,173999.166129
20.0,121,174043.762661
6.0,117,174231.970915
10.0,129,174258.523569
2.0,260,174551.286774
11.0,140,174950.013631
5.0,160,174994.386046
0.0,120,175044.594416
3.0,91,175401.654933
22.0,122,175715.762515
30.0,100,175720.394485
29.0,96,175941.993296
3.0,133,176374.672241
7.0,333,177173.307797
2.0,141,177580.007493
5.0,110,177782.83584
9.0,119,178146.440623
4.0,416,179079.074229
8.0,141,179138.279452
15.0,118,179271.731032
14.0,259,179773.551917
8.0,360,180894.285345
13.0,142,181318.241231
10.0,152,181501.019102
27.0,98,181506.012494
12.0,91,181752.388049
4.0,115,181755.710961
6.0,68,181776.968082
9.0,124,181782.117818
2.0,131,182005.493335
6.0,178,182319.099181
0.0,180,182494.737751
6.0,166,183703.229793
16.0,103,183709.478282
24.0,72,183833.878551
-2.0,226,184617.201604
15.0,297,185193.819264
6.0,126,185505.137777
2.0,126,185734.581113
2.0,168,186028.616151
24.0,103,186407.217959
10.0,113,187022.882323
12.0,232,187425.939927
24.0,117,187548.797889
24.0,206,188564.849262
2.0,144,188972.176306
8.0,97,189023.026976
4.0,180,189562.638679
16.0,115,189782.947186
10.0,145,189857.7898
7.0,130,189971.742481
20.0,188,190665.341101
4.0,140,190852.415523
14.0,147,191223.806153
3.0,141,191542.852409
4.0,145,191703.351229
-2.0,105,191706.90121
37.0,98,191794.774389
28.0,99,191913.610708
12.0,106,192039.758882
-4.0,104,192045.560442
2.0,107,192177.213494
20.0,94,192463.500666
-4.0,75,192573.55099
-6.0,193,192883.661666
31.0,189,193019.204238
-4.0,405,193716.927095
9.0,171,193986.675684
12.0,105,194117.190927
12.0,159,194378.93728
0.0,191,194896.419284
6.0,441,195523.27189
-4.0,176,196048.22533
7.0,172,196082.453498
22.0,140,196235.609138
22.0,96,196366.485337
12.0,154,197149.087465
26.0,98,197379.135394
4.0,176,197718.67
16.0,304,199366.25615
10.0,199,199689.733746
9.0,536,200139.381585
-1.0,130,200317.695925
10.0,196,200436.895348
8.0,174,200849.902775
12.0,172,201075.701289
17.0,198,201461.455896
26.0,142,201829.761767
19.0,228,202419.131405
10.0,126,202575.306838
12.0,80,203006.955932
11.0,109,203535.999139
18.0,113,203751.504972
-12.0,114,203843.383698
7.0,93,204010.002989
5.0,223,204804.547167
8.0,146,205048.757411
11.0,138,205440.217805
9.0,110,205517.788991
0.0,384,206633.646049
12.0,281,207246.160714
0.0,127,207535.006998
12.0,197,207887.695481
0.0,104,208235.303641
-2.0,224,208793.514073
20.0,123,208889.663336
12.0,182,209658.634653
13.0,160,209866.643263
16.0,107,209977.121077
-2.0,226,210164.67941
27.0,341,210358.755404
12.0,165,210497.762658
8.0,349,211346.207359
25.0,143,211522.170874
40.0,164,211576.443635
6.0,160,211630.422063
6.0,160,211867.399358
11.0,358,212449.342996
8.0,62,212472.874387
9.0,284,213189.692743
5.0,317,213237.399394
2.0,696,214198.924809
9.0,208,214528.986489
8.0,172,214827.183093
32.0,118,214902.498951
20.0,104,215021.507712
36.0,118,215362.015045
6.0,33,215364.067751
22.0,176,215581.526035
4.0,223,216467.029261
10.0,409,217365.056707
2.0,182,217620.316837
-2.0,207,217860.082721
27.0,124,218103.097826
3.0,219,218421.948463
28.0,210,218968.863594
10.0,224,219258.693994
12.0,438,219888.350302
13.0,154,220556.269222
14.0,92,220676.128938
10.0,502,221604.815857
8.0,154,221808.312891
8.0,227,222108.583328
22.0,221,222404.33731
1.0,270,222733.147845
16.0,123,222750.805546
17.0,94,222827.026381
4.0,290,223294.248051
4.0,136,223558.045818
18.0,131,223630.762964
6.0,214,224397.213802
11.0,266,224747.720416
17.0,199,224870.221779
5.0,189,225157.865187
16.0,147,225193.417409
32.0,125,225331.186127
21.0,193,225536.172938
17.0,101,225540.222934
23.0,140,225545.722106
20.0,170,225667.544543
9.0,137,225753.105991
17.0,215,226555.062581
26.0,153,227519.967881
2.0,177,227990.262103
12.0,379,228394.14718
10.0,134,228585.673768
14.0,114,228657.024046
11.0,226,229191.814037
10.0,163,229447.936943
6.0,332,229725.804098
8.0,89,229729.080677
14.0,124,229752.537628
33.0,106,229864.261829
8.0,383,230305.743357
3.0,347,230569.21994
0.0,395,231327.706058
-12.0,156,231655.919786
4.0,206,232155.804605
2.0,114,232395.201041
14.0,125,232480.872823
3.0,244,233128.722557
11.0,139,233474.109779
5.0,185,234153.662838
4.0,101,234209.627782
19.0,132,234329.471108
6.0,176,234609.317766
-2.0,629,234891.120348
13.0,274,235190.477554
38.0,240,235315.216793
11.0,295,235852.872503
3.0,111,236200.00286
10.0,362,236718.100299
9.0,146,237013.43799
-2.0,573,237472.505873
4.0,207,237597.001259
6.0,194,238135.646019
20.0,203,238625.063452
2.0,201,238684.163307
18.0,254,239166.825253
24.0,301,239639.732549
23.0,115,239780.96924
-2.0,98,240136.730545
10.0,332,240810.600616
18.0,193,240986.131615
0.0,217,241283.970287
29.0,159,242025.427083
4.0,230,242201.213628
22.0,177,242429.084805
12.0,204,242866.756069
4.0,377,243933.65546
12.0,161,244036.634989
29.0,233,244213.915535
5.0,81,244264.153811
27.0,178,244399.706532
9.0,1333,246680.981255
18.0,112,246766.915792
10.0,286,246918.607489
6.0,140,246936.226373
20.0,1283,248781.431627
18.0,161,248862.953761
0.0,121,249072.873762
14.0,128,249131.484928
8.0,170,249380.80662
4.0,307,249897.667075
7.0,390,250142.507377
6.0,354,250680.56241
21.0,302,251101.146692
0.0,247,251302.976995
6.0,73,251366.040476
17.0,277,251865.674665
2.0,307,252301.12983
22.0,130,252403.64415
13.0,516,252883.133404
7.0,140,253087.269682
2.0,215,253634.788309
5.0,176,253694.040833
30.0,233,253872.64768
2.0,282,254386.008915
-2.0,225,254622.899552
19.0,86,254626.627241
13.0,111,254972.123017
15.0,776,256151.297382
13.0,175,256582.026516
9.0,193,256777.745388
5.0,190,257020.134835
15.0,331,257934.084985
3.0,278,258670.072851
23.0,130,258999.446893
-3.0,260,259759.749798
11.0,181,259882.488482
28.0,93,259887.045197
12.0,85,259975.89933
16.0,223,259984.650673
15.0,496,260650.644072
4.0,241,260983.262499
19.0,183,261190.09497
16.0,1384,262666.650607
14.0,184,262785.522137
10.0,310,263393.749186
2.0,265,263939.774901
8.0,484,264647.059014
6.0,238,265058.979968
8.0,163,265248.414876
4.0,221,266029.078348
8.0,420,266540.566557
15.0,302,267136.787952
8.0,236,267450.547765
22.0,522,268060.944365
21.0,130,268078.383318
6.0,226,268254.943867
12.0,296,268592.299443
23.0,252,268788.239239
1.0,178,268846.822979
26.0,437,269196.343737
18.0,136,269230.414263
16.0,270,269489.519737
16.0,415,270356.629707
16.0,249,270793.813896
17.0,181,271051.26819
1.0,271,271199.186692
6.0,252,271770.796926
4.0,146,271845.906679
24.0,117,271849.634931
0.0,139,272116.49675
11.0,172,272313.719716
5.0,930,273049.830123
10.0,740,273383.086643
11.0,177,273428.366242
7.0,484,274273.01078
17.0,303,274456.23327
-3.0,350,275006.895294
4.0,329,275243.016228
25.0,578,276100.46566
6.0,179,276167.088724
6.0,292,276339.413814
-2.0,213,276417.104676
13.0,559,277582.601446
13.0,194,277783.87778
2.0,1067,279475.060248
16.0,547,280072.357816
8.0,375,280413.185257
-6.0,215,280667.18543
14.0,201,281547.968165
13.0,523,281901.676804
-3.0,304,282621.346138
18.0,283,282797.738863
24.0,125,283257.817253
4.0,631,283532.79418
9.0,287,283696.773431
0.0,218,283825.60499
16.0,196,284045.283672
10.0,70,284047.922395
2.0,78,284185.86131
-6.0,205,284435.813589
22.0,693,286283.876063
4.0,254,286441.002991
13.0,411,286917.751084
0.0,311,287183.865396
9.0,113,287401.993864
18.0,293,287505.233323
22.0,135,287510.317163
0.0,348,287845.494213
0.0,151,287876.100689
6.0,117,288008.852062
19.0,311,288486.746762
0.0,173,288745.466584
8.0,373,289180.773941
26.0,213,289286.057053
6.0,327,290460.183254
10.0,1576,292363.925375
16.0,258,292671.985296
-1.0,253,292973.068095
15.0,413,293956.983804
8.0,100,294134.014714
15.0,139,294174.691283
26.0,128,294278.447978
9.0,866,295073.991825
5.0,142,295313.398668
22.0,1294,296558.261832
12.0,276,296877.096743
10.0,362,297400.010523
11.0,481,297526.32292
20.0,119,297850.426482
11.0,167,298016.967535
18.0,2000,300469.16544
-10.0,189,300629.110525
7.0,341,300805.829374
9.0,223,300844.943634
11.0,713,301312.791344
18.0,774,302277.609814
19.0,1777,303730.664061
11.0,555,304233.205989
20.0,393,304337.224891
12.0,584,305170.455742
4.0,156,305180.138887
-1.0,133,305184.491094
4.0,279,305641.959585
2.0,471,305941.803613
17.0,498,306051.892805
20.0,396,306177.771265
0.0,630,306574.422405
-2.0,176,306740.527772
0.0,731,307145.717933
219.0,541,307539.991396
12.0,265,308603.925256
24.0,240,309052.09391
4.0,136,309319.160802
2.0,475,309443.399511
16.0,461,310031.172175
10.0,228,310513.061006
10.0,227,310667.705736
18.0,79,310725.972392
3.0,431,311183.575655
2.0,131,311477.640074
13.0,380,311879.109377
-6.0,757,313882.259199
12.0,284,314598.849795
26.0,315,314869.121819
35.0,260,315456.869544
22.0,908,315942.531279
-4.0,393,316405.885864
14.0,170,316704.676162
0.0,568,317271.484738
13.0,458,317709.846152
0.0,84,317712.875894
13.0,298,318023.993954
12.0,541,318232.300915
17.0,207,318446.234452
18.0,305,318534.278766
16.0,164,318807.680617
0.0,656,319911.918812
4.0,204,320133.020139
6.0,572,320805.380584
6.0,391,321339.71755
6.0,271,321690.726341
0.0,309,322121.393425
8.0,368,322344.602805
-4.0,1387,323705.785105
25.0,2000,325742.568224
14.0,115,325812.753687
9.0,345,326064.251679
13.0,210,326071.321863
17.0,470,327785.557694
7.0,413,328945.749083
0.0,164,329032.882125
-4.0,592,329701.429771
19.0,393,330244.597134
26.0,391,331321.812534
12.0,694,332003.797998
20.0,359,332257.426114
18.0,220,332277.122659
0.0,715,332735.511566
10.0,248,333247.210757
31.0,93,333472.081342
-8.0,408,334212.048478
4.0,595,335105.010172
1.0,130,335263.525369
10.0,229,335297.109411
14.0,132,335303.349916
0.0,791,336950.053849
7.0,457,337887.431653
4.0,139,338216.222886
14.0,1360,339737.485911
16.0,819,340865.206284
6.0,619,341720.558733
-10.0,376,342082.215367
0.0,2000,344353.832557
8.0,567,344874.360148
22.0,239,345087.168391
18.0,301,345300.273224
9.0,397,345807.043542
9.0,252,345949.256443
8.0,367,346428.003278
20.0,369,346861.168819
8.0,253,346867.158426
13.0,452,347470.221736
6.0,272,347790.668606
28.0,180,348038.616763
27.0,1348,349622.07231
6.0,282,349659.396281
-2.0,376,350208.034889
14.0,211,350214.342466
12.0,210,350273.611024
8.0,134,350278.139616
24.0,627,350835.712384
5.0,2000,352661.052037
3.0,47,352662.757732
3.0,103,352874.922311
24.0,117,352972.820947
11.0,201,353037.787114
12.0,485,353386.818645
-4.0,415,353798.355012
6.0,102,353830.820529
15.0,430,354263.391337
14.0,817,355637.300179
30.0,312,355684.245031
-6.0,297,355925.891956
-2.0,931,356734.716201
6.0,227,356856.15301
0.0,255,356927.006653
3.0,492,358026.307658
7.0,1107,359415.52422
8.0,624,359544.772202
14.0,170,359840.819052
-4.0,149,359893.120807
4.0,334,359993.374512
30.0,267,360140.785736
3.0,125,360337.556491
21.0,162,360725.239988
8.0,399,361198.889436
15.0,459,362105.164996
15.0,523,362588.710807
4.0,469,363077.877635
-10.0,259,363118.021332
12.0,133,363400.944312
4.0,533,363960.084536
15.0,237,364159.859084
4.0,605,364653.279943
11.0,486,365012.783567
10.0,355,365482.206095
12.0,383,365801.560251
19.0,379,366105.181576
-8.0,268,366477.977007
18.0,155,366595.520587
16.0,238,366659.161212
20.0,94,366733.884746
28.0,236,366924.444829
45.0,695,367561.602498
12.0,345,367889.277948
5.0,2000,370083.5704
5.0,2000,372732.665969
2.0,199,372884.809511
1.0,185,373072.279656
2.0,335,373688.163461
1.0,216,374031.795625
-1.0,369,374552.454278
30.0,510,374993.878596
4.0,204,375173.679629
6.0,387,375418.759168
18.0,639,376130.587478
26.0,155,376328.460262
9.0,554,377373.991492
6.0,385,378229.26208
21.0,361,378728.998695
5.0,209,378932.578307
31.0,257,379102.592769
4.0,617,380051.937926
10.0,261,380288.014383
29.0,1324,382085.050656
30.0,266,382333.02983
18.0,82,382442.637201
17.0,198,382930.654363
19.0,172,382942.71228
14.0,522,383603.812193
-4.0,1570,385643.589614
-8.0,296,385822.113151
10.0,139,386157.035286
10.0,257,387104.593755
7.0,319,387780.635116
18.0,202,388077.252389
20.0,187,388294.392304
19.0,192,388505.607499
6.0,229,388659.400183
14.0,401,389307.779787
0.0,271,389340.963492
20.0,231,389417.573483
7.0,218,389604.02869
2.0,292,390062.998339
9.0,206,390320.623857
2.0,290,390648.601935
18.0,112,390710.436455
101.0,291,390948.263092
16.0,130,391169.584323
8.0,257,391404.854692
10.0,643,392205.409298
2.0,364,392737.517575
16.0,250,393157.595342
26.0,158,393701.204299
12.0,249,394314.674553
12.0,153,394639.263009
18.0,200,394757.180332
13.0,466,395135.931749
25.0,204,395263.047105
6.0,531,396541.153482
5.0,259,396628.566555
10.0,160,396853.479986
-2.0,163,397062.937527
8.0,304,397160.005742
13.0,187,397342.069591
12.0,674,398557.685246
22.0,440,399317.047917
10.0,204,399496.89729
11.0,1028,401033.556033
8.0,245,401369.543118
0.0,194,401555.076276
4.0,134,401847.871043
1.0,193,402002.316435
12.0,297,402427.658341
6.0,123,402984.302675
6.0,362,404238.086309
11.0,486,404866.215798
23.0,898,405682.342571
1.0,488,406481.798689
0.0,241,406873.895244
22.0,722,407516.934036
14.0,280,407782.293063
6.0,363,408342.176088
0.0,206,408505.462244
27.0,117,408508.881361
3.0,160,408814.06219
18.0,129,408928.051528
21.0,243,409425.989628
12.0,164,409663.472911
0.0,429,409940.866098
9.0,252,410468.477927
3.0,792,411278.651956
16.0,445,411335.08642
18.0,328,411596.501789
30.0,544,412454.050143
3.0,605,413349.424543
0.0,460,414198.862231
13.0,932,415817.588134
12.0,326,416228.679152
24.0,985,417178.205593
13.0,466,417494.977775
17.0,166,418466.347737
28.0,218,418970.212135
4.0,503,419195.506972
6.0,259,419328.122637
-1.0,1987,421297.829719
9.0,162,421520.513357
12.0,312,421825.407281
6.0,347,421906.597253
4.0,371,422280.829961
30.0,296,422700.00802
4.0,427,423249.482217
22.0,221,423602.808172
26.0,289,424018.948431
-6.0,408,425313.559632
0.0,268,425968.594576
18.0,673,427313.813849
6.0,262,428066.636001
8.0,809,429298.272783
7.0,1016,431230.800438
9.0,646,432454.820032
2.0,301,432907.0779
-6.0,276,433211.07007
16.0,332,434048.378904
4.0,222,434471.340003
17.0,216,434642.600444
11.0,263,434753.231718
20.0,296,434899.163577
23.0,420,435017.087951
2.0,589,435362.86736
24.0,236,435541.227162
24.0,591,436317.131399
-6.0,403,436897.820261
30.0,470,437075.370411
23.0,170,437118.274839
10.0,175,437378.705318
22.0,309,438093.735757
8.0,323,438739.195005
14.0,608,438934.714003
14.0,527,439585.157729
4.0,166,439896.942826
34.0,306,440487.285679
18.0,245,440830.844402
16.0,226,441097.016473
19.0,170,441713.438051
9.0,648,442725.950701
0.0,319,443403.699356
12.0,409,444212.675909
1.0,555,444662.28364
6.0,243,445059.660344
18.0,815,445948.667519
13.0,361,446594.596812
0.0,292,446710.712204
18.0,222,447166.175827
18.0,111,447267.785814
4.0,488,447657.734351
7.0,346,448054.034494
4.0,487,448753.029567
16.0,269,448933.664238
2.0,169,448973.665267
21.0,253,450163.324614
8.0,258,450792.222578
18.0,116,450794.763969
4.0,221,451109.047726
-2.0,2000,454892.716957
24.0,307,455268.544565
0.0,125,455331.163634
14.0,543,456683.261153
22.0,559,457073.31155
10.0,453,457525.68787
32.0,1073,458778.662726
14.0,250,459109.136536
23.0,310,459970.027625
12.0,497,460614.995882
2.0,779,461886.913754
6.0,379,462219.047619
18.0,510,463211.392606
-2.0,328,463532.10291
18.0,175,463838.182521
13.0,1785,466734.759035
18.0,378,467531.596113
72.0,444,468513.893039
10.0,338,469228.587392
22.0,717,469985.454203
6.0,391,470631.038544
6.0,97,470857.249845
13.0,537,471244.282827
25.0,377,472336.155291
16.0,185,472655.379092
11.0,101,472813.270908
-5.0,237,473052.337112
21.0,368,473638.266948
16.0,332,474150.693623
23.0,193,474419.076515
26.0,443,475016.20155
2.0,302,475689.193116
20.0,360,476329.667905
9.0,508,477606.605386
6.0,314,478433.563895
16.0,203,478772.059503
143.0,212,479303.582013
5.0,173,479853.425087
7.0,254,480300.260137
48.0,496,481022.446212
24.0,548,481818.853036
0.0,170,482256.108284
49.0,366,482379.708811
4.0,1055,483917.219592
7.0,668,485528.646747
6.0,494,486562.201853
20.0,338,486959.930764
17.0,207,487114.30812
15.0,388,488096.451427
7.0,542,488797.450739
15.0,249,488904.909902
36.0,934,490618.280722
0.0,218,491044.062858
5.0,1241,492830.712647
0.0,929,494420.049706
25.0,383,495151.231643
0.0,402,496090.377026
6.0,149,496269.746638
2.0,421,496822.733564
0.0,153,496968.49512
0.0,733,498273.754714
33.0,1090,500171.55309
13.0,185,500322.399197
11.0,311,500781.203855
26.0,356,501205.120425
-2.0,401,501422.553429
10.0,95,501554.993741
29.0,273,501764.661219
2.0,231,502328.280506
8.0,317,502415.065464
16.0,210,502488.53703
31.0,327,502731.586363
18.0,366,503030.48174
8.0,535,503851.58828
15.0,234,504621.282084
16.0,131,504772.262349
5.0,395,505431.289588
13.0,402,505965.436473
2.0,1279,507687.228754
11.0,344,507792.828126
14.0,507,508501.1899
22.0,525,509241.915408
8.0,318,509822.784387
11.0,637,511397.086421
-2.0,692,512039.894296
-6.0,319,512290.482161
22.0,372,513142.985893
10.0,365,513826.180777
6.0,64,513934.786686
35.0,266,514156.205027
0.0,367,514327.972803
20.0,334,514698.511851
116.0,451,515758.895957
8.0,540,517125.063961
0.0,167,517743.65891
10.0,776,518402.445548
10.0,1149,520361.255394
104.0,238,520652.742982
-6.0,589,522476.081714
6.0,513,523657.430697
4.0,584,525142.52865
9.0,342,525945.041231
16.0,274,526044.999753
8.0,438,526769.307053
7.0,268,527138.68968
29.0,208,527394.624474
4.0,1112,529085.26474
-2.0,166,529250.576834
13.0,733,530251.534775
6.0,834,531926.183768
12.0,320,532835.670417
14.0,565,533609.121738
4.0,2000,536972.163579
13.0,411,537496.82041
10.0,185,537557.093486
31.0,214,537703.628797
10.0,502,538308.71198
9.0,294,538441.182414
0.0,649,539359.956479
29.0,298,540177.741363
15.0,476,540923.713532
5.0,216,541152.545363
57.0,680,542277.492826
6.0,309,542576.784396
33.0,173,542646.664368
7.0,255,543014.051008
16.0,462,544196.441437
8.0,529,544653.816577
32.0,316,545326.473082
15.0,406,545667.608437
18.0,431,546118.123761
-2.0,404,547153.346879
8.0,542,547919.256306
9.0,304,548278.027327
7.0,1097,549621.967653
20.0,420,550331.705205
21.0,206,550551.552659
31.0,582,551554.661243
14.0,187,551829.973816
3.0,537,552371.563337
7.0,468,552989.723383
0.0,1096,555134.503233
2.0,309,555350.697924
10.0,506,556624.444391
11.0,341,557105.369729
55.0,187,557249.122241
22.0,437,558026.324245
18.0,209,558225.749891
29.0,120,558271.873356
4.0,145,558517.345571
10.0,473,559129.29884
-8.0,256,559418.047597
20.0,295,559919.875513
17.0,577,560587.159022
-2.0,307,560727.416554
28.0,224,561032.750196
13.0,158,561246.503679
5.0,336,561903.026531
-6.0,176,562141.455521
23.0,531,562990.042416
13.0,264,563283.264226
16.0,178,563577.669514
6.0,2000,566939.533955
17.0,334,567394.009269
18.0,413,567801.941938
12.0,601,568792.682638
26.0,549,570232.805395
-2.0,703,570908.517704
28.0,275,571341.789092
20.0,212,571622.354296
-2.0,372,572563.875793
6.0,1137,574528.718843
7.0,879,575838.485898
6.0,1115,577312.620141
2.0,595,578397.536166
-4.0,162,578697.791636
10.0,283,579050.495852
9.0,325,579522.451025
17.0,177,579659.191609
29.0,174,580029.804892
8.0,222,580134.882353
42.0,251,580451.660736
0.0,910,581865.763543
132.0,562,582214.543944
14.0,358,582457.602347
7.0,205,582739.08057
4.0,2000,586358.381545
41.0,228,586683.914147
12.0,782,587455.811771
3.0,2000,590094.526479
10.0,211,590430.682341
6.0,1277,591918.7751
14.0,516,592639.842302
2.0,378,592901.784483
5.0,566,593680.231711
-2.0,485,594198.883912
157.0,510,594879.18759
19.0,400,595289.065308
15.0,224,595393.446808
-6.0,749,597400.921432
21.0,739,598462.276461
43.0,172,598600.55376
12.0,504,599363.915785
30.0,381,600150.112276
12.0,369,601210.838442
28.0,351,602224.670403
20.0,1085,603741.711465
12.0,248,604163.843073
10.0,436,604984.509262
168.0,424,605899.381066
167.0,125,606113.645026
4.0,509,606836.37152
5.0,797,608329.189213
6.0,525,609027.76298
20.0,259,609356.491685
17.0,596,610451.816454
16.0,269,610547.846142
15.0,722,611578.116591
24.0,419,612015.494547
30.0,390,612300.775084
7.0,1404,615902.152133
7.0,852,617281.465782
25.0,146,617406.570624
0.0,230,617723.360018
7.0,304,617878.169721
0.0,489,618446.180861
1.0,371,619031.821315
9.0,394,619488.568033
30.0,171,619765.47447
23.0,311,622377.105961
14.0,435,623149.243171
12.0,902,624395.55773
4.0,238,624484.928058
8.0,253,624709.521999
4.0,519,625102.347045
1.0,339,625823.293077
14.0,177,626003.646059
12.0,789,627246.425466
14.0,757,627841.167792
11.0,176,628469.600171
38.0,213,628722.414456
7.0,637,629966.451031
26.0,314,630308.568639
2.0,472,630900.100452
13.0,435,632590.668154
22.0,156,632782.052123
17.0,377,633114.251348
0.0,763,633750.932375
8.0,422,634423.098245
25.0,376,635005.120648
19.0,388,635873.964064
15.0,286,636231.033421
10.0,288,637563.933812
9.0,87,637721.717597
8.0,926,640418.908698
16.0,2000,642817.895677
14.0,662,644968.588192
24.0,486,645798.130767
4.0,2000,649939.275633
24.0,760,651071.507467
25.0,806,652395.216634
-5.0,301,652757.123822
13.0,1461,655235.624261
-6.0,1534,658449.813701
0.0,333,658964.952971
0.0,400,660152.862731
23.0,197,660218.849542
17.0,213,660618.377648
10.0,838,661458.522204
26.0,275,661710.208967
249.0,380,662359.206905
2.0,337,662931.322938
2.0,448,663695.758356
18.0,476,663835.513705
15.0,436,664455.244537
18.0,402,664998.299062
11.0,76,665087.112264
125.0,247,665630.391551
0.0,752,667194.438002
12.0,632,668768.049238
0.0,70,668804.320721
2.0,662,670404.707601
26.0,291,670870.059227
28.0,485,671047.731716
20.0,568,672253.75703
31.0,243,672346.488168
19.0,353,672524.671079
10.0,341,673296.921993
49.0,280,673673.932399
26.0,137,674080.500867
15.0,422,674936.041163
18.0,415,676062.660852
-3.0,1696,678797.59777
4.0,280,679153.25658
9.0,378,679587.254406
19.0,421,680553.586076
2.0,689,682395.502035
171.0,473,683096.454603
11.0,416,684249.537921
2.0,271,684690.756245
10.0,275,685043.905353
24.0,385,685740.692107
24.0,280,686141.299978
2.0,475,687811.498646
16.0,174,688122.466892
24.0,823,689202.380798
11.0,212,689557.237021
10.0,98,689879.486774
8.0,338,690838.352395
16.0,176,691449.945189
11.0,860,693240.458349
19.0,205,693560.74373
7.0,1052,695269.113457
24.0,237,695697.37927
34.0,222,695967.144875
32.0,258,696345.191829
16.0,591,696823.951632
5.0,308,697166.817027
12.0,229,697742.02399
1.0,261,698643.083272
28.0,280,699346.794771
25.0,550,700138.212645
7.0,301,700946.090542
14.0,237,701873.435585
5.0,1047,704024.046918
22.0,705,704913.563016
0.0,407,705568.932425
7.0,1625,707579.035456
26.0,118,707643.57029
13.0,195,707745.757784
35.0,240,708065.338051
15.0,161,708203.276908
14.0,159,708925.517613
18.0,353,710000.90065
13.0,512,710662.603405
21.0,215,710898.688082
24.0,349,711275.14211
11.0,1097,713689.854269
13.0,1217,716453.417219
10.0,269,716785.741941
15.0,282,717816.894056
9.0,406,718605.563632
11.0,1185,720871.508866
9.0,1123,724014.117178
18.0,537,724731.031966
2.0,419,725650.151115
10.0,790,727096.893358
26.0,397,728298.241701
4.0,306,728643.377619
11.0,314,728767.800724
14.0,383,729614.170845
10.0,449,730739.081382
22.0,192,731068.928627
32.0,214,731640.636281
16.0,207,731833.390245
11.0,283,732451.828048
-6.0,301,732981.111904
10.0,644,733777.852333
23.0,211,734030.468644
9.0,212,734309.08962
14.0,351,734854.226738
24.0,250,735099.064511
26.0,201,735274.010191
27.0,898,736933.802964
6.0,875,739610.678504
2.0,171,739835.217336
31.0,190,740322.137107
18.0,479,741399.433865
8.0,518,742600.711408
5.0,671,743981.00737
10.0,1452,746371.363797
25.0,207,746559.525481
24.0,628,749012.36476
10.0,486,749641.301584
-2.0,379,750453.5706
8.0,156,751049.119006
9.0,404,751361.302504
191.0,479,752467.415138
11.0,548,753483.194338
18.0,313,754205.389163
4.0,526,754716.588333
8.0,227,755312.58504
0.0,541,756385.315904
22.0,268,757038.749484
9.0,387,757423.74079
9.0,560,759593.478288
25.0,2000,764344.252927
8.0,1156,766772.049278
6.0,2000,770038.724759
21.0,754,772917.899456
19.0,339,773242.19266
12.0,461,774259.172733
17.0,364,774941.182822
8.0,328,775703.7393
21.0,552,777577.020206
10.0,454,778432.384013
6.0,209,778655.953287
12.0,344,779152.158452
27.0,135,779665.701601
11.0,428,780263.55873
5.0,226,781186.53711
32.0,120,781595.033257
18.0,187,781933.638593
17.0,292,782431.002562
22.0,1476,785246.16918
6.0,155,785649.790158
17.0,288,786446.129483
-3.0,238,787036.213984
21.0,222,787385.317418
19.0,283,788174.984178
7.0,405,789699.428571
13.0,215,789964.065593
14.0,476,791324.663688
12.0,583,792728.713094
44.0,435,793339.104283
9.0,882,794931.888004
12.0,359,795411.654809
12.0,506,796382.535931
18.0,401,796563.866096
2.0,236,797136.192028
9.0,297,797582.127077
6.0,276,798262.626654
0.0,236,798669.161058
10.0,465,799918.183385
15.0,1112,802100.042102
22.0,534,804126.000776
19.0,316,804732.58511
11.0,381,805608.491329
13.0,530,806994.693581
14.0,291,807484.994501
8.0,464,808687.689384
4.0,321,809278.244632
-6.0,312,809796.957541
0.0,1043,811629.577293
28.0,516,812139.51318
14.0,599,812873.249358
16.0,421,814367.561383
28.0,514,815356.471704
12.0,675,816515.533827
21.0,257,816739.000678
5.0,423,817246.658252
14.0,1541,820387.263031
12.0,360,821553.454808
125.0,409,822378.215703
15.0,603,823926.324855
24.0,641,825067.457841
13.0,501,826421.072149
11.0,188,826611.862749
3.0,341,826968.532101
8.0,187,827419.313315
11.0,194,828017.55831
38.0,191,828280.91447
3.0,1376,829351.097622
2.0,741,831831.493147
3.0,751,833133.726155
13.0,429,833669.200551
2.0,414,834406.966379
8.0,433,835716.08305
6.0,638,836739.385671
19.0,917,837664.948425
8.0,526,839013.857574
3.0,230,839546.927539
31.0,975,841823.464767
23.0,153,841913.978545
31.0,147,842225.063662
8.0,497,843522.583825
3.0,291,843901.915078
4.0,679,845644.66264
1.0,564,846236.09021
4.0,441,846854.70933
12.0,254,847312.146833
8.0,266,847722.713804
16.0,1239,849900.889686
20.0,223,850227.777195
18.0,188,850393.003901
27.0,409,850793.226088
113.0,145,851190.58489
35.0,258,851644.959897
14.0,269,852160.11869
4.0,157,852278.53896
8.0,265,852883.860252
19.0,788,854443.814807
22.0,187,854640.563489
9.0,156,854841.588284
18.0,753,856381.045641
2.0,268,857230.152258
23.0,211,857728.764559
7.0,243,858384.136424
16.0,530,859304.889673
33.0,312,859705.601716
18.0,578,860739.618728
-3.0,402,862199.836791
10.0,1475,865329.207622
15.0,80,865371.725668
44.0,116,865919.045101
61.0,1478,868556.982184
16.0,180,868761.79549
12.0,421,869189.190588
22.0,472,870496.650077
12.0,165,871270.184622
5.0,401,872079.141188
7.0,313,872562.061101
0.0,839,874814.975531
2.0,225,874918.511246
10.0,388,875707.047544
12.0,207,875999.887276
2.0,552,877045.331291
14.0,104,877303.399062
19.0,594,878344.593313
11.0,172,878454.769872
45.0,186,878636.023591
32.0,319,878961.692793
15.0,645,879723.989765
10.0,475,880199.888094
14.0,331,880739.883709
23.0,407,881853.928585
31.0,184,881984.983858
20.0,406,882909.910693
12.0,373,883618.33272
-2.0,468,884603.761017
21.0,270,885096.770651
3.0,173,885308.469291
4.0,387,886067.563573
31.0,663,887276.898823
15.0,415,887790.356425
27.0,6,887790.794412
9.0,987,889957.784385
13.0,242,890537.943431
15.0,1579,894065.297741
7.0,565,895164.510313
3.0,653,896392.277549
13.0,100,896521.737543
26.0,794,898347.917363
7.0,228,898970.306507
16.0,276,899166.193391
0.0,1045,901203.884233
-4.0,992,903582.398459
2.0,305,904261.7229
6.0,627,905387.38086
11.0,422,906432.088092
32.0,510,907308.1811
11.0,368,907857.025558
16.0,464,909026.948282
8.0,384,910049.841521
19.0,1328,912884.148662
10.0,597,913685.784694
22.0,231,915022.152454
16.0,606,915883.950007
14.0,1294,919809.710074
13.0,428,920790.331151
9.0,121,921046.481784
19.0,566,921805.854337
4.0,215,922072.138275
16.0,247,922577.313387
13.0,242,922874.241846
15.0,358,924164.427073
-2.0,798,925246.7007
1.0,319,925746.73436
9.0,1402,928321.422682
11.0,390,929027.034029
8.0,526,929636.185513
5.0,266,930145.677987
12.0,193,930960.138262
7.0,980,932696.653422
5.0,204,933055.300033
5.0,1276,935618.247909
10.0,1061,937424.421776
194.0,296,937927.069842
12.0,193,938287.571986
-6.0,2000,941768.068864
109.0,247,942749.443591
7.0,169,942888.392697
23.0,216,943536.277989
4.0,123,943708.998745
7.0,207,944107.959112
20.0,329,944653.811447
-8.0,506,945355.416748
18.0,172,945551.960509
45.0,438,946766.759828
5.0,396,947231.42675
13.0,246,947346.240069
17.0,222,947570.576975
8.0,160,947892.373194
24.0,958,950843.940358
5.0,373,951749.307402
14.0,488,953239.866234
2.0,1229,955671.628651
4.0,149,955832.091745
28.0,200,956204.5035
22.0,462,956551.658831
26.0,179,956653.98232
0.0,381,957629.861467
2.0,438,958441.390881
14.0,255,959051.934503
21.0,532,960326.55718
16.0,268,961043.160212
52.0,342,961353.016877
2.0,879,963557.062105
289.0,314,964321.681759
10.0,465,965546.609194
6.0,553,966764.031816
28.0,303,967034.02032
7.0,347,968531.341536
14.0,429,969369.695195
7.0,514,970231.207439
20.0,346,970570.316192
31.0,70,970786.053498
5.0,317,971515.827266
4.0,695,973391.519255
12.0,369,974103.966012
8.0,449,975021.160372
7.0,900,977967.112254
99.0,578,979608.740124
9.0,579,981144.839506
13.0,193,981322.713707
13.0,289,981511.714778
13.0,1361,984581.733361
2.0,172,985592.535245
0.0,516,987046.500777
13.0,642,988909.377124
28.0,284,989906.621653
9.0,2000,994493.610432
18.0,883,996535.725712
14.0,278,997291.804115
4.0,463,998384.744472
10.0,475,999112.652421
8.0,922,1000954.661607
8.0,479,1001688.776378
5.0,789,1003276.180316
18.0,267,1003565.073616
17.0,637,1004732.40651
25.0,400,1006254.598425
7.0,259,1007237.192194
23.0,216,1007847.327295
15.0,285,1008404.46598
5.0,1117,1009790.30931
7.0,504,1011116.544754
20.0,208,1011406.475353
2.0,428,1012268.772056
28.0,311,1012940.229194
8.0,406,1013621.635443
47.0,294,1013936.464044
25.0,348,1015666.447778
7.0,513,1016743.412158
8.0,358,1017640.790586
4.0,459,1018657.673659
15.0,1216,1020597.829899
18.0,312,1021076.904732
37.0,896,1022836.414519
2.0,328,1023498.812594
9.0,588,1024910.852412
11.0,263,1025744.15849
11.0,602,1026387.195548
13.0,295,1027670.725788
5.0,491,1028552.416435
19.0,308,1028861.571788
4.0,1118,1032119.862914
28.0,187,1033014.287987
18.0,248,1033454.529232
44.0,437,1033897.270311
12.0,159,1034357.54534
22.0,210,1034503.153648
30.0,72,1034668.221533
27.0,873,1036271.167996
27.0,480,1037276.917097
56.0,991,1039542.275684
196.0,316,1040129.127309
23.0,641,1041771.114824
13.0,134,1041993.230206
1.0,615,1043022.210594
22.0,371,1043733.876863
15.0,750,1046441.550092
9.0,343,1047188.236298
18.0,265,1047911.158218
5.0,392,1048342.232467
-2.0,755,1049655.276976
15.0,2000,1053054.474629
13.0,435,1053707.160037
6.0,445,1054177.103241
16.0,482,1054712.334913
12.0,620,1055633.382122
13.0,906,1057170.952131
20.0,762,1058390.134075
4.0,1157,1061704.489691
15.0,263,1062618.13441
22.0,500,1064381.378817
8.0,231,1064996.812057
27.0,1876,1069261.165917
10.0,293,1069825.299506
8.0,290,1070482.322399
6.0,1213,1073298.127276
249.0,116,1073337.093612
7.0,280,1074313.029652
27.0,290,1075037.769311
16.0,261,1075892.045664
16.0,135,1076237.381426
12.0,862,1078069.809057
38.0,158,1078459.864661
28.0,343,1078895.400412
5.0,1420,1081746.147242
6.0,422,1082367.805454
5.0,263,1082655.611067
9.0,164,1083129.858016
2.0,308,1083925.057833
4.0,1571,1088063.412397
10.0,214,1088626.292222
7.0,661,1090270.629763
2.0,437,1090740.896116
14.0,480,1091459.961382
30.0,1268,1094440.714143
203.0,119,1094765.923765
66.0,614,1096470.79558
14.0,436,1097854.479523
14.0,262,1098246.354525
28.0,380,1099289.09134
0.0,631,1100242.673227
-2.0,1059,1102294.796
13.0,780,1103725.345307
65.0,125,1104045.573234
27.0,374,1104546.830025
36.0,128,1104624.189219
6.0,243,1104835.468928
16.0,303,1105217.863797
16.0,628,1106475.663962
2.0,585,1107750.986844
100.0,139,1108429.620639
7.0,359,1109397.911099
16.0,2000,1112568.330722
16.0,2000,1117885.505669
12.0,139,1118162.716469
21.0,231,1118863.260953
16.0,687,1120523.229741
34.0,194,1120856.867849
9.0,210,1121281.32506
19.0,262,1121450.435287
22.0,494,1122487.057332
10.0,716,1123910.180453
-2.0,601,1124813.334777
12.0,202,1124919.529047
7.0,194,1125473.023554
17.0,263,1125965.608464
11.0,507,1126988.427066
19.0,494,1128320.121784
3.0,389,1129214.811179
13.0,80,1129292.122886
6.0,274,1129985.060968
20.0,1196,1132239.695792
13.0,440,1132993.7882
10.0,257,1133721.294064
12.0,275,1134309.74587
6.0,1115,1135982.867726
7.0,615,1137662.43573
5.0,332,1138981.094599
12.0,1204,1142365.90015
21.0,242,1142796.216473
7.0,789,1145066.489163
10.0,891,1147925.777979
12.0,785,1149627.210555
14.0,204,1150175.446668
21.0,308,1150538.021513
20.0,225,1150985.502474
31.0,1487,1153358.25152
0.0,1087,1155829.803703
22.0,1106,1158714.654776
10.0,2000,1163356.381094
12.0,629,1164774.450617
15.0,893,1167841.664682
1.0,243,1168674.968026
4.0,395,1170148.704596
17.0,569,1171618.226752
27.0,200,1172358.00514
2.0,789,1174042.982138
18.0,430,1175024.891455
13.0,262,1175438.873797
15.0,504,1177413.544333
19.0,550,1179079.935545
13.0,288,1179263.304773
37.0,322,1179821.48451
3.0,743,1181200.084014
0.0,381,1181755.149058
10.0,376,1182357.01016
17.0,597,1182779.795834
30.0,362,1182952.694963
9.0,1426,1185627.088737
9.0,296,1186167.781909
2.0,415,1187892.075845
10.0,103,1188325.806242
-4.0,337,1189124.015681
17.0,770,1190554.766311
9.0,392,1191296.069864
1.0,142,1191650.453701
10.0,273,1192058.458443
3.0,349,1194455.37662
32.0,254,1195418.496441
20.0,242,1195793.928533
19.0,502,1196181.899136
-2.0,199,1196493.837881
0.0,172,1196986.767921
24.0,258,1197584.375598
19.0,277,1198611.685899
10.0,200,1199026.658911
16.0,1075,1200613.412703
34.0,229,1201199.911074
21.0,227,1201699.779738
22.0,362,1203677.065592
13.0,334,1204212.131109
26.0,313,1204975.330727
20.0,341,1205782.105414
6.0,237,1206262.504912
33.0,1423,1210803.560649
129.0,414,1211837.832355
13.0,855,1213163.846837
8.0,142,1214183.735272
22.0,200,1214579.769189
49.0,520,1215792.319655
5.0,387,1216398.23842
5.0,644,1217075.680947
-4.0,207,1217601.765308
12.0,386,1218734.588362
16.0,485,1220345.526101
10.0,609,1221519.571352
11.0,529,1222479.4139
6.0,697,1224230.564148
11.0,212,1224674.839804
11.0,1491,1228971.198487
24.0,994,1231551.641864
20.0,263,1232332.095319
11.0,430,1232923.230342
12.0,839,1235028.859028
7.0,1988,1241016.994875
11.0,480,1241701.039284
12.0,549,1242551.287887
47.0,602,1244824.736925
22.0,165,1245164.683911
14.0,570,1246577.918208
14.0,344,1247563.042801
13.0,851,1249462.005789
31.0,464,1250817.567275
13.0,418,1251126.98113
19.0,657,1252456.665499
21.0,2000,1256988.093342
17.0,449,1258806.0518
12.0,316,1259104.173767
25.0,201,1259389.990895
24.0,394,1259881.233009
12.0,1161,1264495.862621
0.0,228,1265050.591538
2.0,358,1265612.302164
96.0,339,1266068.598307
2.0,489,1267128.627872
23.0,625,1269328.657329
28.0,555,1270238.238763
16.0,371,1271213.241045
18.0,111,1271320.04251
2.0,404,1272321.255947
27.0,454,1273354.060331
11.0,245,1274092.858863
22.0,849,1275347.318602
16.0,2000,1280773.93729
28.0,1268,1283856.70734
5.0,978,1285504.484481
8.0,286,1286523.469843
111.0,97,1287046.389145
19.0,439,1287833.631443
7.0,643,1289636.105777
25.0,146,1289687.439864
24.0,392,1290842.457752
13.0,1278,1294137.332031
